owner_acronym,source_fiscal,total_entries,total_contracts,total_amendments
acoa,200304-Q4,2,2,0
acoa,200405-Q1,82,82,0
acoa,200405-Q2,65,65,0
acoa,200405-Q3,63,62,1
acoa,200405-Q4,111,108,3
acoa,200506-Q1,73,73,0
acoa,200506-Q2,48,48,0
acoa,200506-Q3,63,63,0
acoa,200506-Q4,54,54,0
acoa,200607-Q1,68,68,0
acoa,200607-Q2,47,47,0
acoa,200607-Q3,46,46,0
acoa,200607-Q4,79,79,0
acoa,200708-Q1,33,33,0
acoa,200708-Q2,45,45,0
acoa,200708-Q3,41,41,0
acoa,200708-Q4,53,50,3
acoa,200809-Q1,42,40,2
acoa,200809-Q2,33,29,4
acoa,200809-Q3,90,83,7
acoa,200809-Q4,119,107,12
acoa,200910-Q1,61,57,4
acoa,200910-Q2,47,39,8
acoa,200910-Q3,51,48,3
acoa,200910-Q4,74,62,12
acoa,201011-Q1,46,32,14
acoa,201011-Q2,37,29,8
acoa,201011-Q3,32,30,2
acoa,201011-Q4,71,66,5
acoa,201112-Q1,19,14,5
acoa,201112-Q2,6,6,0
acoa,201112-Q3,26,24,2
acoa,201112-Q4,41,37,4
acoa,201213-Q1,23,20,3
acoa,201213-Q2,7,7,0
acoa,201213-Q3,13,10,3
acoa,201213-Q4,38,36,2
acoa,201314-Q1,21,19,2
acoa,201314-Q2,15,14,1
acoa,201314-Q3,27,24,3
acoa,201314-Q4,38,35,3
acoa,201415-Q1,12,10,2
acoa,201415-Q2,20,17,3
acoa,201415-Q3,17,17,0
acoa,201415-Q4,24,23,1
acoa,201516-Q1,13,12,1
acoa,201516-Q2,12,9,3
acoa,201516-Q3,14,13,1
acoa,201516-Q4,20,20,0
acoa,201617-Q1,27,25,2
acoa,201617-Q2,9,6,3
acoa,201617-Q3,23,22,1
acoa,201617-Q4,25,25,0
acoa,201718-Q1,15,14,1
acoa,201718-Q2,14,14,0
acoa,201718-Q3,20,17,3
acoa,201718-Q4,30,29,1
acoa,201819-Q1,14,13,1
acoa,201819-Q2,14,13,1
acoa,201819-Q3,21,20,1
agr,201314-Q1,373,372,1
agr,201314-Q2,399,335,64
agr,201314-Q3,599,530,69
agr,201314-Q4,1216,1099,117
agr,201415-Q1,377,305,72
agr,201415-Q2,391,323,68
agr,201415-Q3,594,491,103
agr,201415-Q4,983,832,151
agr,201516-Q1,435,356,79
agr,201516-Q2,499,396,103
agr,201516-Q3,730,577,153
agr,201516-Q4,1030,883,147
agr,201617-Q1,502,424,78
agr,201617-Q2,438,355,83
agr,201617-Q3,603,472,131
agr,201617-Q4,873,788,85
agr,201718-Q1,440,387,53
agr,201718-Q2,331,282,49
agr,201718-Q3,511,421,90
agr,201718-Q4,818,689,129
agr,201819-Q1,423,372,51
agr,201819-Q2,329,252,77
agr,201819-Q3,502,412,90
atssc,201617-Q3,25,25,0
atssc,201617-Q4,31,28,3
atssc,201718-Q1,25,23,2
atssc,201718-Q2,18,16,2
atssc,201718-Q3,48,38,10
atssc,201718-Q4,50,41,9
atssc,201819-Q1,29,23,6
atssc,201819-Q2,20,16,4
atssc,201819-Q3,39,32,7
cannor,201617-Q3,4,4,0
cannor,201617-Q4,5,4,1
cannor,201718-Q1,4,4,0
cannor,201718-Q2,4,4,0
cannor,201718-Q3,1,1,0
cannor,201718-Q4,5,5,0
cannor,201819-Q1,3,3,0
cannor,201819-Q2,3,3,0
cannor,201819-Q3,9,8,1
cas,201617-Q4,23,23,0
cas,201718-Q1,27,27,0
cas,201718-Q2,14,14,0
cas,201718-Q3,33,31,2
cas,201718-Q4,63,62,1
cas,201819-Q1,85,79,6
cas,201819-Q2,176,173,3
cas,201819-Q3,62,46,16
cas,201819-Q4,1,0,1
cas,201819-Q5,1,1,0
cas,201819-Q7,1,0,1
cbsa,201415-Q1,248,200,48
cbsa,201415-Q2,224,179,45
cbsa,201415-Q3,229,174,55
cbsa,201415-Q4,358,281,77
cbsa,201516-Q1,238,172,66
cbsa,201516-Q2,222,159,63
cbsa,201516-Q3,165,133,32
cbsa,201516-Q4,317,266,51
cbsa,201617-Q1,225,174,51
cbsa,201617-Q2,171,122,49
cbsa,201617-Q3,143,99,44
cbsa,201617-Q4,259,195,64
cbsa,201718-Q1,153,106,47
cbsa,201718-Q2,178,130,48
cbsa,201718-Q3,428,291,137
cbsa,201718-Q4,351,264,87
cbsa,201819-Q1,174,129,45
cbsa,201819-Q2,198,144,54
cbsa,201819-Q3,264,155,109
cc,200809-Q1,13,13,0
cc,200809-Q2,10,10,0
cc,200809-Q3,10,10,0
cc,200809-Q4,15,15,0
cc,200910-Q1,19,19,0
cc,200910-Q2,10,10,0
cc,200910-Q3,6,6,0
cc,200910-Q4,14,14,0
cc,201011-Q1,19,19,0
cc,201011-Q2,8,8,0
cc,201011-Q3,12,12,0
cc,201011-Q4,24,24,0
cc,201112-Q1,12,12,0
cc,201112-Q2,11,11,0
cc,201112-Q3,4,4,0
cc,201112-Q4,14,13,1
cc,201213-Q1,21,21,0
cc,201213-Q2,11,11,0
cc,201213-Q3,14,14,0
cc,201213-Q4,7,6,1
cc,201314-Q1,22,22,0
cc,201314-Q2,9,9,0
cc,201314-Q3,15,15,0
cc,201314-Q4,13,13,0
cc,201415-Q1,14,14,0
cc,201415-Q2,16,16,0
cc,201415-Q3,7,7,0
cc,201415-Q4,17,17,0
cc,201516-Q1,24,24,0
cc,201516-Q2,6,6,0
cc,201516-Q3,8,8,0
cc,201516-Q4,15,15,0
cc,201617-Q1,17,17,0
cc,201617-Q2,18,18,0
cc,201617-Q3,19,19,0
cc,201617-Q4,15,15,0
cc,201718-Q1,22,22,0
cc,201718-Q2,20,20,0
ccohs,201617-Q4,5,4,1
ccohs,201718-Q1,4,4,0
ccohs,201718-Q2,10,10,0
ccohs,201718-Q3,5,2,3
ccohs,201718-Q4,4,3,1
ccohs,201819-Q1,3,3,0
ccohs,201819-Q2,9,8,1
ccohs,201819-Q3,6,5,1
ceaa,200405-Q1,20,20,0
ceaa,200405-Q2,14,14,0
ceaa,200405-Q3,14,14,0
ceaa,200405-Q4,11,11,0
ceaa,200506-Q1,17,17,0
ceaa,200506-Q2,14,14,0
ceaa,200506-Q3,11,11,0
ceaa,200506-Q4,15,15,0
ceaa,200607-Q1,8,8,0
ceaa,200607-Q2,4,4,0
ceaa,200607-Q3,6,6,0
ceaa,200607-Q4,10,10,0
ceaa,200708-Q1,13,13,0
ceaa,200708-Q2,9,9,0
ceaa,200708-Q3,13,13,0
ceaa,200708-Q4,17,17,0
ceaa,200809-Q1,30,30,0
ceaa,200809-Q2,21,21,0
ceaa,200809-Q3,18,18,0
ceaa,200809-Q4,19,19,0
ceaa,200910-Q1,19,14,5
ceaa,200910-Q2,22,19,3
ceaa,200910-Q3,22,16,6
ceaa,200910-Q4,22,20,2
ceaa,201011-Q1,13,9,4
ceaa,201011-Q2,5,4,1
ceaa,201011-Q3,6,5,1
ceaa,201011-Q4,19,16,3
ceaa,201112-Q1,10,10,0
ceaa,201112-Q2,10,10,0
ceaa,201112-Q3,6,6,0
ceaa,201112-Q4,7,6,1
ceaa,201213-Q1,6,5,1
ceaa,201213-Q2,3,3,0
ceaa,201213-Q3,10,10,0
ceaa,201213-Q4,32,30,2
ceaa,201314-Q1,23,19,4
ceaa,201314-Q2,20,16,4
ceaa,201314-Q3,13,10,3
ceaa,201314-Q4,13,7,6
ceaa,201415-Q1,8,6,2
ceaa,201415-Q2,2,1,1
ceaa,201415-Q3,8,7,1
ceaa,201415-Q4,8,6,2
ceaa,201516-Q1,5,4,1
ceaa,201516-Q2,1,1,0
ceaa,201516-Q3,2,1,1
ceaa,201516-Q4,6,6,0
ceaa,201617-Q1,14,14,0
ceaa,201617-Q2,10,9,1
ceaa,201617-Q3,13,13,0
ceaa,201617-Q4,25,19,6
ceaa,201718-Q1,6,6,0
ceaa,201718-Q2,3,3,0
ceaa,201718-Q3,7,7,0
ceaa,201718-Q4,8,7,1
ceaa,201819-Q1,6,6,0
ceaa,201819-Q2,11,11,0
ceaa,201819-Q3,15,15,0
ced,200405-Q1,31,31,0
ced,200405-Q2,27,27,0
ced,200405-Q3,31,31,0
ced,200405-Q4,25,25,0
ced,200506-Q1,43,43,0
ced,200506-Q2,31,31,0
ced,200506-Q3,24,24,0
ced,200506-Q4,37,37,0
ced,200607-Q1,32,32,0
ced,200607-Q2,47,47,0
ced,200607-Q3,38,38,0
ced,200607-Q4,37,37,0
ced,200708-Q1,33,33,0
ced,200708-Q2,24,24,0
ced,200708-Q3,29,29,0
ced,200708-Q4,32,32,0
ced,200809-Q1,50,50,0
ced,200809-Q2,28,27,1
ced,200809-Q3,34,34,0
ced,200809-Q4,49,49,0
ced,200910-Q1,35,35,0
ced,200910-Q2,38,38,0
ced,200910-Q3,38,37,1
ced,200910-Q4,36,36,0
ced,201011-Q1,36,36,0
ced,201011-Q2,46,43,3
ced,201011-Q3,34,27,7
ced,201011-Q4,34,31,3
ced,201112-Q1,47,44,3
ced,201112-Q2,11,9,2
ced,201112-Q3,25,22,3
ced,201112-Q4,26,24,2
ced,201213-Q1,16,15,1
ced,201213-Q2,18,17,1
ced,201213-Q3,18,18,0
ced,201213-Q4,22,20,2
ced,201314-Q1,27,22,5
ced,201314-Q2,19,18,1
ced,201314-Q3,19,16,3
ced,201314-Q4,15,13,2
ced,201415-Q1,9,7,2
ced,201415-Q2,15,13,2
ced,201415-Q3,12,10,2
ced,201415-Q4,23,21,2
ced,201516-Q1,19,13,6
ced,201516-Q2,8,7,1
ced,201516-Q3,8,6,2
ced,201516-Q4,24,21,3
ced,201617-Q1,15,10,5
ced,201617-Q2,11,9,2
ced,201617-Q3,26,24,2
ced,201617-Q4,29,25,4
ced,201718-Q1,15,14,1
ced,201718-Q2,9,8,1
ced,201718-Q3,11,8,3
ced,201718-Q4,26,23,3
ced,201819-Q1,15,12,3
ced,201819-Q2,6,4,2
ced,201819-Q3,6,5,1
cfia,201112-Q1,143,142,1
cfia,201112-Q2,139,135,4
cfia,201112-Q3,218,212,6
cfia,201213-Q1,131,125,6
cfia,201213-Q2,199,188,11
cfia,201213-Q3,266,238,28
cfia,201213-Q4,316,287,29
cfia,201314-Q1,154,143,11
cfia,201314-Q2,186,171,15
cfia,201314-Q3,244,211,33
cfia,201314-Q4,382,331,51
cfia,201415-Q1,120,107,13
cfia,201415-Q2,138,97,41
cfia,201415-Q3,161,135,26
cfia,201415-Q4,354,262,92
cfia,201516-Q1,136,109,27
cfia,201516-Q2,186,125,61
cfia,201516-Q3,155,114,41
cfia,201516-Q4,261,183,78
cfia,201617-Q1,140,108,32
cfia,201617-Q2,161,119,42
cfia,201617-Q3,209,156,53
cfia,201617-Q4,612,448,164
cfia,201718-Q1,129,84,45
cfia,201718-Q2,124,68,56
cfia,201718-Q3,189,150,39
cfia,201718-Q4,201,150,51
cfia,201819-Q1,160,111,49
cfia,201819-Q2,101,73,28
cfia,201819-Q3,169,136,33
cgc,201617-Q3,1,1,0
cgc,201617-Q4,41,41,0
cgc,201718-Q1,32,32,0
cgc,201718-Q2,41,40,1
cgc,201718-Q3,23,23,0
cgc,201718-Q4,28,27,1
cgc,201819-Q1,34,32,2
cgc,201819-Q2,23,22,1
cgc,201819-Q3,31,30,1
chrc,201516-Q4,24,24,0
chrc,201718-Q4,29,29,0
chrc,201819-Q1,7,6,1
chrc,201819-Q2,13,12,1
chrc,201819-Q3,10,9,1
cics,201718-Q4,6,6,0
cics,201819-Q1,10,10,0
cics,201819-Q3,7,7,0
cihr,201516-Q4,65,64,1
cihr,201617-Q1,17,17,0
cihr,201617-Q3,61,57,4
cihr,201617-Q4,89,78,11
cihr,201718-Q1,29,19,10
cihr,201718-Q2,36,32,4
cihr,201718-Q3,32,24,8
cihr,201718-Q4,49,38,11
cihr,201819-Q1,35,27,8
cihr,201819-Q2,30,24,6
cihr,201819-Q3,34,30,4
cnsc,200405-Q1,74,74,0
cnsc,200405-Q2,57,57,0
cnsc,200405-Q3,55,55,0
cnsc,200405-Q4,105,105,0
cnsc,200506-Q1,60,60,0
cnsc,200506-Q2,39,39,0
cnsc,200506-Q3,43,43,0
cnsc,200506-Q4,175,175,0
cnsc,200607-Q1,66,66,0
cnsc,200607-Q2,69,69,0
cnsc,200607-Q3,52,52,0
cnsc,200607-Q4,140,140,0
cnsc,200708-Q1,92,92,0
cnsc,200708-Q2,41,41,0
cnsc,200708-Q3,61,61,0
cnsc,200708-Q4,168,167,1
cnsc,200809-Q1,83,82,1
cnsc,200809-Q2,75,75,0
cnsc,200809-Q3,66,66,0
cnsc,200809-Q4,163,163,0
cnsc,200910-Q1,81,81,0
cnsc,200910-Q2,79,79,0
cnsc,200910-Q3,73,73,0
cnsc,200910-Q4,232,232,0
cnsc,201011-Q1,81,80,1
cnsc,201011-Q2,86,72,14
cnsc,201011-Q3,124,116,8
cnsc,201011-Q4,196,172,24
cnsc,201112-Q1,102,81,21
cnsc,201112-Q2,77,76,1
cnsc,201112-Q3,108,87,21
cnsc,201213-Q1,64,63,1
cnsc,201213-Q2,62,52,10
cnsc,201213-Q3,73,69,4
cnsc,201213-Q4,131,114,17
cnsc,201314-Q1,78,67,11
cnsc,201314-Q2,62,53,9
cnsc,201314-Q3,62,53,9
cnsc,201314-Q4,103,77,26
cnsc,201415-Q1,58,38,20
cnsc,201415-Q2,69,60,9
cnsc,201415-Q3,68,55,13
cnsc,201415-Q4,82,71,11
cnsc,201516-Q1,48,39,9
cnsc,201516-Q2,56,45,11
cnsc,201516-Q3,50,34,16
cnsc,201516-Q4,53,40,13
cnsc,201617-Q1,57,45,12
cnsc,201617-Q2,42,33,9
cnsc,201617-Q3,50,39,11
cnsc,201617-Q4,89,63,26
cnsc,201718-Q1,60,41,19
cnsc,201718-Q2,55,36,19
cnsc,201718-Q3,45,29,16
cnsc,201718-Q4,87,56,31
cnsc,201819-Q1,55,41,14
cnsc,201819-Q2,47,37,10
cnsc,201819-Q3,41,26,15
cpc,201617-Q4,15,15,0
cpc,201718-Q1,16,16,0
cpc,201718-Q2,7,6,1
cpc,201718-Q4,27,24,3
cpc,201819-Q1,8,7,1
cpc,201819-Q2,10,9,1
cpc,201819-Q3,12,9,3
cra,200102-Q4,6,6,0
cra,200203-Q1,1,1,0
cra,200203-Q2,3,2,1
cra,200203-Q3,3,2,1
cra,200203-Q4,2,2,0
cra,200304-Q1,6,4,2
cra,200304-Q2,6,4,2
cra,200304-Q3,4,3,1
cra,200304-Q4,7,6,1
cra,200405-Q1,544,543,1
cra,200405-Q2,355,355,0
cra,200405-Q3,646,627,19
cra,200405-Q4,1206,1189,17
cra,200506-Q1,462,452,10
cra,200506-Q2,492,468,24
cra,200506-Q3,633,600,33
cra,200506-Q4,1055,1006,49
cra,200607-Q1,483,440,43
cra,200607-Q2,594,561,33
cra,200607-Q3,624,571,53
cra,200607-Q4,1189,1084,105
cra,200708-Q1,724,542,182
cra,200708-Q2,501,436,65
cra,200708-Q3,699,581,118
cra,200708-Q4,1112,974,138
cra,200809-Q1,522,407,115
cra,200809-Q2,485,355,130
cra,200809-Q3,588,451,137
cra,200809-Q4,1053,908,145
cra,200910-Q1,463,328,135
cra,200910-Q2,423,358,65
cra,200910-Q3,592,509,83
cra,200910-Q4,856,539,317
cra,201011-Q1,301,258,43
cra,201011-Q2,474,287,187
cra,201011-Q3,629,439,190
cra,201011-Q4,1339,839,500
cra,201112-Q1,475,299,176
cra,201112-Q2,503,311,192
cra,201112-Q3,667,445,222
cra,201112-Q4,1202,687,515
cra,201213-Q1,241,171,70
cra,201213-Q2,314,190,124
cra,201213-Q3,479,319,160
cra,201213-Q4,538,386,152
cra,201314-Q1,226,140,86
cra,201314-Q2,207,132,75
cra,201314-Q3,360,219,141
cra,201314-Q4,415,333,82
cra,201415-Q1,199,157,42
cra,201415-Q2,228,171,57
cra,201415-Q3,261,212,49
cra,201415-Q4,333,309,24
cra,201516-Q1,178,154,24
cra,201516-Q2,151,140,11
cra,201516-Q3,202,199,3
cra,201617-Q1,258,214,44
cra,201617-Q2,264,195,69
cra,201617-Q3,240,171,69
cra,201617-Q4,725,383,342
cra,201617-Q5,1,0,1
cra,201718-Q1,340,212,128
cra,201718-Q2,303,156,147
cra,201718-Q3,255,125,130
cra,201718-Q4,565,218,347
cra,201819-Q1,1,1,0
cra,201819-Q2,276,145,131
cra,201819-Q3,449,211,238
crtc,201617-Q3,26,26,0
crtc,201718-Q1,63,63,0
crtc,201718-Q2,6,4,2
crtc,201718-Q3,34,34,0
crtc,201718-Q4,38,38,0
crtc,201819-Q1,40,37,3
crtc,201819-Q2,18,17,1
crtc,201819-Q3,14,13,1
csa,200809-Q1,121,111,10
csa,200809-Q2,98,91,7
csa,200809-Q3,152,118,34
csa,200809-Q4,200,139,61
csa,200910-Q1,154,130,24
csa,200910-Q2,156,128,28
csa,200910-Q3,196,159,37
csa,200910-Q4,186,142,44
csa,201011-Q1,130,103,27
csa,201011-Q2,135,110,25
csa,201011-Q3,182,137,45
csa,201011-Q4,165,114,51
csa,201112-Q1,136,105,31
csa,201112-Q2,125,88,37
csa,201112-Q3,163,127,36
csa,201112-Q4,161,118,43
csa,201213-Q1,82,72,10
csa,201213-Q2,90,71,19
csa,201213-Q3,91,72,19
csa,201213-Q4,145,113,32
csa,201314-Q1,106,69,37
csa,201314-Q2,107,79,28
csa,201314-Q3,87,67,20
csa,201314-Q4,103,74,29
csa,201415-Q1,69,64,5
csa,201415-Q2,96,85,11
csa,201415-Q3,86,66,20
csa,201415-Q4,184,116,68
csa,201516-Q1,93,84,9
csa,201516-Q2,70,56,14
csa,201516-Q3,96,75,21
csa,201516-Q4,132,102,30
csa,201617-Q1,160,116,44
csa,201617-Q2,85,65,20
csa,201617-Q3,130,100,30
csa,201617-Q4,153,98,55
csa,201718-Q1,124,99,25
csa,201718-Q2,88,56,32
csa,201718-Q3,131,89,42
csa,201718-Q4,136,75,61
csa,201819-Q1,96,65,31
csa,201819-Q2,89,59,30
csc,200607-Q4,2,1,1
csc,200708-Q4,1,1,0
csc,200809-Q2,5,2,3
csc,200809-Q3,4,4,0
csc,200809-Q4,7,5,2
csc,200910-Q1,18,9,9
csc,200910-Q2,9,5,4
csc,200910-Q3,25,19,6
csc,200910-Q4,33,23,10
csc,201011-Q1,39,20,19
csc,201011-Q2,21,17,4
csc,201011-Q3,25,15,10
csc,201011-Q4,54,42,12
csc,201112-Q1,49,33,16
csc,201112-Q2,39,24,15
csc,201112-Q3,45,26,19
csc,201112-Q4,129,85,44
csc,201213-Q1,60,39,21
csc,201213-Q2,62,35,27
csc,201213-Q3,60,31,29
csc,201213-Q4,207,135,72
csc,201314-Q1,145,106,39
csc,201314-Q2,126,82,44
csc,201314-Q3,142,110,32
csc,201314-Q4,1014,954,60
csc,201415-Q1,1142,901,241
csc,201415-Q2,673,624,49
csc,201415-Q3,301,285,16
csc,201415-Q4,1084,1024,60
csc,201516-Q1,954,837,117
csc,201516-Q2,783,736,47
csc,201516-Q3,776,755,21
csc,201516-Q4,934,927,7
csc,201617-Q1,639,611,28
csc,201617-Q2,1234,1150,84
csc,201617-Q3,989,847,142
csc,201617-Q4,1204,991,213
csc,201718-Q1,1273,994,279
csc,201718-Q2,937,756,181
csc,201718-Q3,1056,868,188
csc,201718-Q4,1272,1064,208
csc,201819-Q1,1463,1023,440
csc,201819-Q2,985,781,204
csc,201819-Q3,1059,863,196
csps,200708-Q1,208,137,71
csps,200708-Q2,201,80,121
csps,200708-Q3,195,62,133
csps,200708-Q4,198,136,62
csps,200809-Q1,200,79,121
csps,200809-Q2,163,65,98
csps,200809-Q3,206,82,124
csps,200809-Q4,160,116,44
csps,200910-Q1,196,81,115
csps,200910-Q2,109,46,63
csps,200910-Q3,97,32,65
csps,200910-Q4,100,75,25
csps,201011-Q1,143,76,67
csps,201011-Q2,80,35,45
csps,201011-Q3,76,33,43
csps,201011-Q4,89,75,14
csps,201112-Q1,102,56,46
csps,201112-Q2,71,36,35
csps,201112-Q3,88,33,55
csps,201112-Q4,84,65,19
csps,201213-Q1,72,45,27
csps,201213-Q2,63,36,27
csps,201213-Q3,49,47,2
csps,201213-Q4,55,54,1
csps,201314-Q1,30,29,1
csps,201314-Q2,52,51,1
csps,201314-Q3,36,35,1
csps,201314-Q4,44,41,3
csps,201415-Q1,34,33,1
csps,201415-Q2,39,38,1
csps,201415-Q3,25,24,1
csps,201415-Q4,62,59,3
csps,201516-Q1,23,22,1
csps,201516-Q2,25,23,2
csps,201516-Q3,30,30,0
csps,201516-Q4,38,35,3
csps,201617-Q1,23,22,1
csps,201617-Q2,20,19,1
csps,201617-Q3,23,20,3
csps,201617-Q4,39,34,5
csps,201718-Q1,24,18,6
csps,201718-Q2,11,9,2
csps,201718-Q3,14,13,1
csps,201718-Q4,30,25,5
csps,201819-Q1,30,20,10
csps,201819-Q2,26,23,3
csps,201819-Q3,38,34,4
cta,201516-Q4,22,22,0
cta,201617-Q1,19,15,4
cta,201617-Q2,9,5,4
cta,201617-Q3,9,5,4
cta,201617-Q4,17,12,5
cta,201718-Q1,18,8,10
cta,201718-Q2,16,13,3
cta,201718-Q3,12,7,5
cta,201718-Q4,34,27,7
cta,201819-Q1,22,12,10
cta,201819-Q2,17,13,4
cta,201819-Q3,32,15,17
dfo,201011-Q1,1717,1630,87
dfo,201011-Q2,1644,1383,261
dfo,201011-Q3,1674,1307,367
dfo,201011-Q4,2269,1758,511
dfo,201112-Q1,1785,1323,462
dfo,201112-Q2,1429,1077,352
dfo,201112-Q3,1405,1060,345
dfo,201112-Q4,2226,1709,517
dfo,201213-Q1,1507,1114,393
dfo,201213-Q2,1436,1123,313
dfo,201213-Q3,1432,1095,337
dfo,201213-Q4,2111,1634,477
dfo,201314-Q1,1487,1125,362
dfo,201314-Q2,1243,974,269
dfo,201314-Q3,1316,1016,300
dfo,201314-Q4,1806,1414,392
dfo,201415-Q1,1413,1059,354
dfo,201415-Q2,1288,1043,245
dfo,201415-Q3,1303,1031,272
dfo,201415-Q4,1971,1571,400
dfo,201516-Q1,1498,1113,385
dfo,201516-Q2,1537,1220,317
dfo,201516-Q3,1672,1239,433
dfo,201617-Q1,1824,1476,348
dfo,201617-Q2,1782,1454,328
dfo,201617-Q3,1774,1370,404
dfo,201617-Q4,2472,2043,429
dfo,201718-Q1,1636,1303,333
dfo,201718-Q2,1547,1321,226
dfo,201718-Q3,1719,1421,298
dfo,201718-Q4,2283,1872,411
dfo,201819-Q1,1648,1325,323
dfo,201819-Q2,1510,1285,225
dfo,201819-Q3,1630,1349,281
dnd,1999100-Q4,2,2,0
dnd,200203-Q1,1,1,0
dnd,200203-Q2,1,1,0
dnd,200203-Q4,2,2,0
dnd,200304-Q4,186,186,0
dnd,200405-Q1,1611,1611,0
dnd,200405-Q2,2046,2039,7
dnd,200405-Q3,1427,1426,1
dnd,200405-Q4,3746,3740,6
dnd,200506-Q1,1621,1613,8
dnd,200506-Q2,2316,2290,26
dnd,200506-Q3,2421,2392,29
dnd,200506-Q4,827,794,33
dnd,200607-Q1,719,703,16
dnd,200607-Q2,766,735,31
dnd,200607-Q3,2106,2070,36
dnd,200607-Q4,840,777,63
dnd,200708-Q1,1760,1746,14
dnd,200708-Q2,1889,1882,7
dnd,200708-Q3,2146,2139,7
dnd,200708-Q4,2825,2780,45
dnd,200809-Q1,1791,1749,42
dnd,200809-Q2,2095,2051,44
dnd,200809-Q3,3659,3300,359
dnd,200809-Q4,6210,5176,1034
dnd,200910-Q1,4582,3457,1125
dnd,200910-Q2,4117,3058,1059
dnd,200910-Q3,3183,2320,863
dnd,200910-Q4,4219,3510,709
dnd,201011-Q1,3437,2795,642
dnd,201011-Q2,4125,3231,894
dnd,201011-Q3,4473,3582,891
dnd,201011-Q4,6551,5093,1458
dnd,201112-Q1,4708,3423,1285
dnd,201112-Q2,5613,4160,1453
dnd,201112-Q3,8860,7156,1704
dnd,201112-Q4,6077,4945,1132
dnd,201213-Q1,4092,3261,831
dnd,201213-Q2,4041,3258,783
dnd,201213-Q3,4263,3406,857
dnd,201213-Q4,4065,3347,718
dnd,201314-Q1,3508,2961,547
dnd,201314-Q2,4145,3475,670
dnd,201314-Q3,4798,4271,527
dnd,201314-Q4,4457,3641,816
dnd,201415-Q1,3422,2774,648
dnd,201415-Q2,3436,2818,618
dnd,201415-Q3,4535,3600,935
dnd,201415-Q4,8011,7164,847
dnd,201516-Q1,3696,3130,566
dnd,201516-Q2,6463,5683,780
dnd,201516-Q3,4136,3417,719
dnd,201516-Q4,4737,4107,630
dnd,201617-Q1,3632,3074,558
dnd,201617-Q2,2900,2406,494
dnd,201617-Q3,2121,1817,304
dnd,201617-Q4,3033,2763,270
dnd,201718-Q1,3038,2747,291
dnd,201718-Q2,2691,2433,258
dnd,201718-Q3,3489,3219,270
dnd,201718-Q4,5333,4843,490
dnd,201819-Q1,6036,5393,643
dnd,201819-Q2,4181,3729,452
dnd,201819-Q3,4479,4066,413
ec,200405-Q1,772,772,0
ec,200405-Q2,670,669,1
ec,200405-Q3,540,540,0
ec,200405-Q4,1069,1055,14
ec,200506-Q1,615,614,1
ec,200506-Q2,482,478,4
ec,200506-Q3,647,640,7
ec,200506-Q4,991,989,2
ec,200607-Q1,542,542,0
ec,200607-Q2,487,487,0
ec,200607-Q3,529,529,0
ec,200607-Q4,1094,1092,2
ec,200708-Q1,629,629,0
ec,200708-Q2,526,525,1
ec,200708-Q3,613,613,0
ec,200708-Q4,1202,1200,2
ec,200809-Q1,815,815,0
ec,200809-Q2,685,685,0
ec,200809-Q3,816,816,0
ec,200809-Q4,1391,1389,2
ec,200910-Q1,834,822,12
ec,200910-Q2,865,814,51
ec,200910-Q3,1094,909,185
ec,200910-Q4,1456,1343,113
ec,201011-Q1,1270,972,298
ec,201011-Q2,838,741,97
ec,201011-Q3,938,807,131
ec,201011-Q4,1157,1042,115
ec,201112-Q1,907,698,209
ec,201112-Q2,718,631,87
ec,201112-Q3,976,873,103
ec,201112-Q4,1361,1256,105
ec,201213-Q1,967,756,211
ec,201213-Q2,697,601,96
ec,201213-Q3,927,830,97
ec,201213-Q4,1279,1148,131
ec,201314-Q1,1260,1018,242
ec,201314-Q2,860,743,117
ec,201314-Q3,958,819,139
ec,201314-Q4,1055,918,137
ec,201415-Q1,1223,967,256
ec,201415-Q2,797,679,118
ec,201415-Q3,816,660,156
ec,201415-Q4,871,760,111
ec,201516-Q1,694,694,0
ec,201516-Q2,539,512,27
ec,201516-Q3,655,615,40
ec,201516-Q4,822,770,52
ec,201617-Q1,780,743,37
ec,201617-Q2,476,475,1
ec,201617-Q3,581,579,2
ec,201617-Q4,770,684,86
ec,201718-Q1,680,630,50
ec,201718-Q3,606,532,74
ec,201718-Q4,638,633,5
ec,201819-Q2,506,469,37
ec,201819-Q3,1,1,0
elections,201617-Q4,152,150,2
elections,201718-Q1,61,54,7
elections,201718-Q2,57,49,8
elections,201718-Q3,84,70,14
elections,201718-Q4,119,82,37
elections,201819-Q1,77,64,13
elections,201819-Q2,90,79,11
elections,201819-Q3,130,109,21
esdc,200304-Q1,1,1,0
esdc,200405-Q1,498,497,1
esdc,200405-Q2,313,313,0
esdc,200405-Q3,369,369,0
esdc,200405-Q4,649,649,0
esdc,200506-Q1,424,424,0
esdc,200506-Q2,473,472,1
esdc,200506-Q3,370,369,1
esdc,200506-Q4,797,797,0
esdc,200607-Q1,401,400,1
esdc,200607-Q2,360,360,0
esdc,200607-Q3,322,322,0
esdc,200607-Q4,583,582,1
esdc,200708-Q1,284,284,0
esdc,200708-Q2,278,278,0
esdc,200708-Q3,446,446,0
esdc,200708-Q4,713,713,0
esdc,200809-Q1,300,300,0
esdc,200809-Q2,305,305,0
esdc,200809-Q3,330,330,0
esdc,200809-Q4,413,413,0
esdc,200910-Q1,446,446,0
esdc,200910-Q2,397,397,0
esdc,200910-Q3,544,544,0
esdc,200910-Q4,813,813,0
esdc,201011-Q1,376,376,0
esdc,201011-Q2,369,369,0
esdc,201011-Q3,503,503,0
esdc,201011-Q4,646,646,0
esdc,201112-Q1,399,399,0
esdc,201112-Q2,347,347,0
esdc,201112-Q3,394,394,0
esdc,201112-Q4,612,612,0
esdc,201213-Q1,223,223,0
esdc,201213-Q2,242,242,0
esdc,201213-Q3,319,319,0
esdc,201213-Q4,460,460,0
esdc,201314-Q1,226,226,0
esdc,201314-Q2,242,242,0
esdc,201314-Q3,294,294,0
esdc,201314-Q4,374,374,0
esdc,201415-Q1,206,206,0
esdc,201415-Q2,274,274,0
esdc,201415-Q3,326,326,0
esdc,201415-Q4,325,325,0
esdc,201516-Q1,264,264,0
esdc,201516-Q2,257,257,0
esdc,201516-Q3,240,240,0
esdc,201516-Q4,359,359,0
esdc,201617-Q1,279,279,0
esdc,201617-Q2,250,249,1
esdc,201617-Q3,296,295,1
esdc,201617-Q4,506,346,160
esdc,201718-Q1,279,202,77
esdc,201718-Q2,250,175,75
esdc,201718-Q3,378,217,161
esdc,201718-Q4,575,334,241
esdc,201819-Q1,360,200,160
esdc,201819-Q2,335,207,128
esdc,201819-Q3,366,175,191
fcac,200405-Q1,13,13,0
fcac,200405-Q2,5,5,0
fcac,200405-Q3,6,6,0
fcac,200405-Q4,8,7,1
fcac,200506-Q1,8,8,0
fcac,200506-Q2,4,4,0
fcac,200506-Q3,12,12,0
fcac,200506-Q4,6,6,0
fcac,200607-Q1,5,5,0
fcac,200607-Q2,4,4,0
fcac,200607-Q3,13,13,0
fcac,200607-Q4,12,12,0
fcac,200708-Q1,19,19,0
fcac,200708-Q2,12,12,0
fcac,200708-Q3,8,8,0
fcac,200708-Q4,9,9,0
fcac,200809-Q1,15,15,0
fcac,200809-Q2,10,10,0
fcac,200809-Q3,9,9,0
fcac,200809-Q4,9,8,1
fcac,200910-Q1,20,20,0
fcac,200910-Q2,21,19,2
fcac,200910-Q3,18,11,7
fcac,200910-Q4,15,12,3
fcac,201011-Q1,32,31,1
fcac,201011-Q2,22,20,2
fcac,201011-Q3,10,7,3
fcac,201011-Q4,24,19,5
fcac,201112-Q1,38,36,2
fcac,201112-Q2,17,15,2
fcac,201112-Q3,15,10,5
fcac,201112-Q4,13,11,2
fcac,201213-Q1,32,29,3
fcac,201213-Q2,20,14,6
fcac,201213-Q3,6,6,0
fcac,201213-Q4,13,13,0
fcac,201314-Q1,18,15,3
fcac,201314-Q2,7,6,1
fcac,201314-Q3,5,5,0
fcac,201314-Q4,13,13,0
fcac,201415-Q1,20,20,0
fcac,201415-Q2,18,18,0
fcac,201415-Q3,9,9,0
fcac,201415-Q4,19,19,0
fcac,201516-Q1,17,15,2
fcac,201516-Q2,12,10,2
fcac,201516-Q3,11,10,1
fcac,201516-Q4,19,17,2
fcac,201617-Q1,12,12,0
fcac,201617-Q2,6,5,1
fcac,201617-Q3,19,19,0
fcac,201617-Q4,18,15,3
fcac,201718-Q1,20,18,2
fcac,201718-Q2,17,13,4
fcac,201718-Q3,24,24,0
fcac,201718-Q4,29,27,2
fcac,201819-Q1,23,18,5
fcac,201819-Q2,16,16,0
fcac,201819-Q3,25,21,4
feddev,200910-Q3,39,32,7
feddev,200910-Q4,35,28,7
feddev,201011-Q1,61,36,25
feddev,201011-Q2,41,29,12
feddev,201011-Q3,88,37,51
feddev,201011-Q4,71,33,38
feddev,201112-Q1,52,24,28
feddev,201112-Q2,33,10,23
feddev,201112-Q3,28,20,8
feddev,201112-Q4,49,24,25
feddev,201213-Q1,35,22,13
feddev,201213-Q2,24,13,11
feddev,201213-Q3,35,21,14
feddev,201213-Q4,41,22,19
feddev,201314-Q1,25,15,10
feddev,201314-Q2,10,5,5
feddev,201314-Q3,13,11,2
feddev,201314-Q4,24,12,12
feddev,201415-Q1,22,14,8
feddev,201415-Q2,11,5,6
feddev,201415-Q3,21,12,9
feddev,201415-Q4,40,21,19
feddev,201516-Q1,30,14,16
feddev,201516-Q2,8,6,2
feddev,201516-Q3,17,10,7
feddev,201516-Q4,13,9,4
feddev,201617-Q1,23,13,10
feddev,201617-Q2,6,3,3
feddev,201617-Q3,6,4,2
feddev,201617-Q4,16,12,4
feddev,201718-Q1,11,11,0
feddev,201718-Q2,6,4,2
feddev,201718-Q3,6,4,2
feddev,201718-Q4,11,9,2
feddev,201819-Q1,8,7,1
feddev,201819-Q2,8,6,2
fin,200405-Q1,54,54,0
fin,200405-Q2,47,47,0
fin,200405-Q3,58,58,0
fin,200405-Q4,86,86,0
fin,200506-Q1,134,134,0
fin,200506-Q2,96,96,0
fin,200506-Q3,72,72,0
fin,200506-Q4,62,62,0
fin,200607-Q1,78,78,0
fin,200607-Q2,78,78,0
fin,200607-Q3,79,79,0
fin,200607-Q4,130,130,0
fin,200708-Q1,84,84,0
fin,200708-Q2,77,75,2
fin,200708-Q3,97,97,0
fin,200708-Q4,124,124,0
fin,200809-Q1,65,65,0
fin,200809-Q2,59,59,0
fin,200809-Q3,59,59,0
fin,200809-Q4,84,84,0
fin,200910-Q1,80,75,5
fin,200910-Q2,55,43,12
fin,200910-Q3,47,41,6
fin,200910-Q4,81,65,16
fin,201011-Q1,62,54,8
fin,201011-Q2,33,25,8
fin,201011-Q3,37,31,6
fin,201011-Q4,71,59,12
fin,201112-Q1,47,37,10
fin,201112-Q2,56,48,8
fin,201112-Q3,50,45,5
fin,201112-Q4,66,50,16
fin,201213-Q1,31,23,8
fin,201213-Q2,28,14,14
fin,201213-Q3,57,47,10
fin,201213-Q4,50,27,23
fin,201314-Q1,36,30,6
fin,201314-Q2,35,23,12
fin,201314-Q3,37,24,13
fin,201314-Q4,35,26,9
fin,201415-Q1,40,34,6
fin,201415-Q2,46,35,11
fin,201415-Q3,40,28,12
fin,201415-Q4,39,29,10
fin,201516-Q1,39,30,9
fin,201516-Q2,21,15,6
fin,201516-Q3,28,18,10
fin,201516-Q4,32,19,13
fin,201617-Q1,65,54,11
fin,201617-Q2,18,12,6
fin,201617-Q3,46,31,15
fin,201617-Q4,46,31,15
fin,201718-Q1,58,45,13
fin,201718-Q2,22,16,6
fin,201718-Q3,32,15,17
fin,201718-Q4,49,34,15
fin,201819-Q1,30,25,5
fin,201819-Q2,34,29,5
fin,201819-Q3,30,23,7
fintrac,200405-Q1,11,11,0
fintrac,200405-Q2,4,4,0
fintrac,200405-Q3,5,5,0
fintrac,200405-Q4,20,20,0
fintrac,200506-Q1,12,12,0
fintrac,200506-Q2,9,9,0
fintrac,200506-Q3,8,8,0
fintrac,200506-Q4,32,32,0
fintrac,200607-Q1,15,15,0
fintrac,200607-Q2,10,10,0
fintrac,200607-Q3,27,27,0
fintrac,200607-Q4,29,29,0
fintrac,200708-Q1,32,32,0
fintrac,200708-Q2,23,23,0
fintrac,200708-Q3,26,26,0
fintrac,200708-Q4,46,46,0
fintrac,200809-Q1,19,19,0
fintrac,200809-Q2,9,9,0
fintrac,200809-Q3,18,18,0
fintrac,200809-Q4,17,17,0
fintrac,200910-Q1,12,12,0
fintrac,200910-Q2,11,11,0
fintrac,200910-Q3,10,10,0
fintrac,200910-Q4,32,32,0
fintrac,201011-Q1,6,6,0
fintrac,201011-Q2,8,8,0
fintrac,201011-Q3,19,19,0
fintrac,201011-Q4,42,42,0
fintrac,201112-Q1,15,15,0
fintrac,201112-Q2,17,17,0
fintrac,201112-Q3,18,18,0
fintrac,201112-Q4,40,40,0
fintrac,201213-Q1,14,14,0
fintrac,201213-Q2,9,9,0
fintrac,201213-Q3,16,16,0
fintrac,201213-Q4,31,31,0
fintrac,201314-Q1,6,6,0
fintrac,201314-Q2,2,2,0
fintrac,201314-Q3,9,9,0
fintrac,201314-Q4,7,7,0
fintrac,201415-Q1,2,2,0
fintrac,201415-Q2,1,1,0
fintrac,201415-Q3,4,4,0
fintrac,201415-Q4,11,11,0
fintrac,201516-Q1,1,1,0
fintrac,201516-Q2,4,4,0
fintrac,201516-Q3,4,4,0
fintrac,201516-Q4,8,8,0
fintrac,201617-Q1,3,3,0
fintrac,201617-Q2,2,2,0
fintrac,201617-Q3,3,3,0
fintrac,201617-Q4,23,22,1
fintrac,201718-Q1,4,4,0
fintrac,201718-Q2,2,2,0
fintrac,201718-Q3,7,7,0
fintrac,201718-Q4,23,22,1
fintrac,201819-Q1,9,9,0
fintrac,201819-Q2,6,5,1
fintrac,201819-Q3,10,10,0
fja,200708-Q4,21,21,0
fja,200809-Q1,17,17,0
fja,200809-Q2,9,9,0
fja,200809-Q3,11,11,0
fja,200809-Q4,10,10,0
fja,200910-Q1,32,32,0
fja,200910-Q2,13,11,2
fja,200910-Q3,7,5,2
fja,200910-Q4,16,14,2
fja,201011-Q1,35,34,1
fja,201011-Q2,9,9,0
fja,201011-Q3,14,12,2
fja,201011-Q4,23,22,1
fja,201112-Q1,47,44,3
fja,201112-Q2,20,18,2
fja,201112-Q3,15,13,2
fja,201112-Q4,48,40,8
fja,201213-Q1,16,13,3
fja,201213-Q2,16,14,2
fja,201213-Q3,21,15,6
fja,201213-Q4,57,52,5
fja,201314-Q1,20,18,2
fja,201314-Q2,10,8,2
fja,201314-Q3,23,17,6
fja,201314-Q4,60,53,7
fja,201415-Q1,19,14,5
fja,201415-Q2,15,13,2
fja,201415-Q3,19,19,0
fja,201415-Q4,45,37,8
fja,201516-Q1,19,16,3
fja,201516-Q2,22,21,1
fja,201516-Q3,30,28,2
fja,201516-Q4,20,19,1
fja,201617-Q1,15,13,2
fja,201617-Q2,14,14,0
fja,201617-Q3,32,32,0
fja,201617-Q4,20,18,2
fja,201718-Q1,28,26,2
fja,201718-Q2,15,9,6
fja,201718-Q3,38,35,3
fja,201718-Q4,20,15,5
fja,201819-Q1,16,15,1
fja,201819-Q2,12,11,1
fja,201819-Q3,29,28,1
fpcc,201617-Q3,1,1,0
fpcc,201718-Q1,1,1,0
fpcc,201718-Q3,1,1,0
fpcc,201819-Q1,3,3,0
fpcc,201819-Q2,2,2,0
gac,200405-Q1,469,459,10
gac,200405-Q2,406,387,19
gac,200405-Q3,332,319,13
gac,200405-Q4,651,626,25
gac,200506-Q1,318,310,8
gac,200506-Q2,458,444,14
gac,200506-Q3,362,352,10
gac,200506-Q4,958,934,24
gac,200607-Q1,968,941,27
gac,200607-Q2,648,629,19
gac,200607-Q3,704,672,32
gac,200607-Q4,1128,1114,14
gac,200708-Q1,887,866,21
gac,200708-Q2,626,601,25
gac,200708-Q3,659,635,24
gac,200708-Q4,980,960,20
gac,200809-Q1,776,752,24
gac,200809-Q2,734,697,37
gac,200809-Q3,417,406,11
gac,200809-Q4,504,498,6
gac,200910-Q1,674,654,20
gac,200910-Q2,350,344,6
gac,200910-Q3,681,618,63
gac,200910-Q4,926,810,116
gac,201011-Q1,807,739,68
gac,201011-Q2,689,625,64
gac,201011-Q3,711,626,85
gac,201011-Q4,1151,1082,69
gac,201112-Q1,710,645,65
gac,201112-Q2,620,577,43
gac,201112-Q3,672,600,72
gac,201112-Q4,1031,944,87
gac,201213-Q1,587,523,64
gac,201213-Q2,491,423,68
gac,201213-Q3,704,632,72
gac,201213-Q4,957,825,132
gac,201314-Q1,770,657,113
gac,201314-Q2,627,527,100
gac,201314-Q3,646,550,96
gac,201314-Q4,963,823,140
gac,201415-Q1,839,719,120
gac,201415-Q2,720,639,81
gac,201415-Q3,724,600,124
gac,201415-Q4,956,826,130
gac,201516-Q1,892,765,127
gac,201516-Q2,692,575,117
gac,201516-Q3,733,607,126
gac,201516-Q4,910,735,175
gac,201617-Q1,811,700,111
gac,201617-Q2,657,549,108
gac,201617-Q3,629,537,92
gac,201617-Q4,975,852,123
gac,201718-Q1,881,768,113
gac,201718-Q2,790,673,117
gac,201718-Q3,961,820,141
gac,201718-Q4,1514,1340,174
gac,201819-Q1,981,812,169
gac,201819-Q2,938,805,133
gac,201819-Q3,1015,845,170
hc,200405-Q1,975,660,315
hc,200405-Q2,742,333,409
hc,200405-Q3,929,423,506
hc,200405-Q4,856,544,312
hc,200506-Q1,736,418,318
hc,200506-Q2,732,320,412
hc,200506-Q3,845,313,532
hc,200506-Q4,806,515,291
hc,200607-Q1,669,310,359
hc,200607-Q2,635,233,402
hc,200607-Q3,710,254,456
hc,200607-Q4,838,463,375
hc,200708-Q1,813,316,497
hc,200708-Q2,724,208,516
hc,200708-Q3,854,237,617
hc,200708-Q4,880,481,399
hc,200809-Q1,793,336,457
hc,200809-Q2,655,231,424
hc,200809-Q3,668,197,471
hc,200809-Q4,863,512,351
hc,200910-Q1,646,332,314
hc,200910-Q2,581,200,381
hc,200910-Q3,646,187,459
hc,200910-Q4,775,461,314
hc,201011-Q1,680,308,372
hc,201011-Q2,531,144,387
hc,201011-Q3,707,609,98
hc,201011-Q4,974,907,67
hc,201112-Q1,840,681,159
hc,201112-Q2,703,542,161
hc,201112-Q3,723,613,110
hc,201112-Q4,975,889,86
hc,201213-Q1,785,572,213
hc,201213-Q2,608,406,202
hc,201213-Q3,780,572,208
hc,201213-Q4,783,573,210
hc,201314-Q1,187,88,99
hc,201314-Q2,941,754,187
hc,201314-Q3,723,479,244
hc,201314-Q4,855,643,212
hc,201415-Q1,765,564,201
hc,201415-Q2,473,367,106
hc,201415-Q3,573,431,142
hc,201415-Q4,760,618,142
hc,201516-Q1,548,419,129
hc,201516-Q2,456,355,101
hc,201516-Q3,522,401,121
hc,201516-Q4,684,503,181
hc,201617-Q1,506,406,100
hc,201617-Q2,424,318,106
hc,201617-Q3,624,512,112
hc,201617-Q4,597,446,151
hc,201718-Q1,477,388,89
hc,201718-Q2,380,304,76
hc,201718-Q3,435,335,100
hc,201718-Q4,558,473,85
hc,201819-Q1,406,353,53
hc,201819-Q2,328,283,45
hc,201819-Q3,424,344,80
ic,200405-Q1,657,657,0
ic,200405-Q2,389,389,0
ic,200405-Q3,487,487,0
ic,200405-Q4,780,780,0
ic,200506-Q1,646,646,0
ic,200506-Q2,383,383,0
ic,200506-Q3,536,536,0
ic,200506-Q4,766,766,0
ic,200607-Q1,398,398,0
ic,200607-Q2,428,428,0
ic,200607-Q3,411,411,0
ic,200607-Q4,763,763,0
ic,200708-Q1,389,389,0
ic,200708-Q2,307,307,0
ic,200708-Q3,386,386,0
ic,200708-Q4,671,671,0
ic,200809-Q1,393,393,0
ic,200809-Q2,287,287,0
ic,200809-Q3,408,408,0
ic,200809-Q4,599,599,0
ic,200910-Q1,373,373,0
ic,200910-Q2,277,277,0
ic,200910-Q3,388,356,32
ic,200910-Q4,567,559,8
ic,201011-Q1,304,301,3
ic,201011-Q2,232,224,8
ic,201011-Q3,376,339,37
ic,201011-Q4,594,516,78
ic,201112-Q1,243,210,33
ic,201112-Q2,212,183,29
ic,201112-Q3,368,320,48
ic,201112-Q4,627,548,79
ic,201213-Q1,255,230,25
ic,201213-Q2,195,162,33
ic,201213-Q3,288,247,41
ic,201213-Q4,509,445,64
ic,201314-Q1,244,200,44
ic,201314-Q2,241,201,40
ic,201314-Q3,309,272,37
ic,201314-Q4,518,447,71
ic,201415-Q1,270,221,49
ic,201415-Q2,254,196,58
ic,201415-Q3,303,254,49
ic,201415-Q4,398,337,61
ic,201516-Q1,317,263,54
ic,201516-Q2,241,190,51
ic,201516-Q3,280,240,40
ic,201516-Q4,405,354,51
ic,201617-Q1,280,248,32
ic,201617-Q2,288,215,73
ic,201617-Q3,295,239,56
ic,201617-Q4,434,367,67
ic,201718-Q1,326,267,59
ic,201718-Q2,304,238,66
ic,201718-Q3,319,254,65
ic,201718-Q4,553,474,79
ic,201819-Q1,262,194,68
ic,201819-Q2,307,219,88
ic,201819-Q3,341,263,78
ijc,201718-Q1,4,4,0
ijc,201718-Q2,6,6,0
ijc,201718-Q3,8,8,0
ijc,201718-Q4,14,14,0
ijc,201819-Q1,10,10,0
ijc,201819-Q2,9,9,0
ijc,201819-Q3,7,7,0
inac,201314-Q1,326,256,70
inac,201314-Q2,261,182,79
inac,201314-Q3,233,183,50
inac,201314-Q4,360,296,64
inac,201415-Q1,442,402,40
inac,201415-Q2,349,282,67
inac,201415-Q3,271,198,73
inac,201415-Q4,420,336,84
inac,201516-Q1,284,204,80
inac,201516-Q2,198,120,78
inac,201516-Q3,249,161,88
inac,201516-Q4,293,253,40
inac,201617-Q1,232,186,46
inac,201617-Q2,177,130,47
inac,201617-Q3,277,240,37
inac,201617-Q4,322,247,75
inac,201718-Q1,261,195,66
inac,201718-Q2,275,208,67
inac,201718-Q3,235,179,56
inac,201718-Q4,313,250,63
infra,200607-Q1,20,20,0
infra,200607-Q2,12,12,0
infra,200607-Q3,22,22,0
infra,200607-Q4,1,1,0
infra,200708-Q1,31,31,0
infra,200708-Q2,19,19,0
infra,200708-Q3,18,18,0
infra,200708-Q4,39,38,1
infra,200809-Q1,18,18,0
infra,200809-Q2,19,19,0
infra,200809-Q3,7,7,0
infra,200809-Q4,27,27,0
infra,200910-Q1,17,17,0
infra,200910-Q2,35,35,0
infra,200910-Q3,21,21,0
infra,200910-Q4,35,35,0
infra,201011-Q1,24,24,0
infra,201011-Q2,34,31,3
infra,201011-Q3,13,13,0
infra,201011-Q4,35,33,2
infra,201112-Q1,18,15,3
infra,201112-Q2,26,21,5
infra,201112-Q3,17,16,1
infra,201112-Q4,22,20,2
infra,201213-Q1,23,20,3
infra,201213-Q2,10,8,2
infra,201213-Q3,13,13,0
infra,201213-Q4,18,17,1
infra,201314-Q1,12,12,0
infra,201314-Q2,11,9,2
infra,201314-Q3,8,6,2
infra,201314-Q4,17,15,2
infra,201415-Q1,23,20,3
infra,201415-Q2,22,21,1
infra,201415-Q3,20,18,2
infra,201415-Q4,20,17,3
infra,201516-Q1,24,22,2
infra,201516-Q2,25,25,0
infra,201516-Q3,13,8,5
infra,201516-Q4,28,23,5
infra,201617-Q1,26,24,2
infra,201617-Q2,30,24,6
infra,201617-Q3,21,16,5
infra,201617-Q4,66,58,8
infra,201718-Q1,28,22,6
infra,201718-Q2,36,26,10
infra,201718-Q3,28,26,2
infra,201718-Q4,29,22,7
infra,201819-Q1,40,34,6
infra,201819-Q2,26,20,6
infra,201819-Q3,34,25,9
ircc,201011-Q1,223,222,1
ircc,201011-Q2,253,239,14
ircc,201011-Q3,298,253,45
ircc,201011-Q4,287,257,30
ircc,201112-Q1,228,203,25
ircc,201112-Q2,154,131,23
ircc,201112-Q3,190,144,46
ircc,201112-Q4,301,214,87
ircc,201213-Q1,208,155,53
ircc,201213-Q2,117,79,38
ircc,201213-Q3,244,168,76
ircc,201213-Q4,378,278,100
ircc,201314-Q1,253,177,76
ircc,201314-Q2,147,97,50
ircc,201314-Q3,228,151,77
ircc,201314-Q4,282,216,66
ircc,201415-Q1,140,115,25
ircc,201415-Q2,147,111,36
ircc,201415-Q3,168,144,24
ircc,201415-Q4,285,191,94
ircc,201516-Q1,143,117,26
ircc,201516-Q2,197,141,56
ircc,201516-Q3,208,181,27
ircc,201516-Q4,281,213,68
ircc,201617-Q1,160,112,48
ircc,201617-Q2,190,166,24
ircc,201617-Q3,195,160,35
ircc,201617-Q4,220,143,77
ircc,201718-Q1,145,107,38
ircc,201718-Q2,219,113,106
ircc,201718-Q3,182,111,71
ircc,201718-Q4,264,186,78
ircc,201819-Q1,187,147,40
ircc,201819-Q2,209,149,60
ircc,201819-Q3,215,136,79
isc,201718-Q3,39,38,1
isc,201718-Q4,154,131,23
isc,201819-Q1,177,154,23
just,200304-Q4,2,2,0
just,200405-Q1,173,173,0
just,200405-Q2,138,138,0
just,200405-Q3,137,137,0
just,200405-Q4,272,272,0
just,200506-Q1,171,171,0
just,200506-Q2,134,134,0
just,200506-Q3,197,193,4
just,200506-Q4,254,254,0
just,200607-Q1,176,176,0
just,200607-Q2,121,121,0
just,200607-Q3,112,112,0
just,200607-Q4,173,173,0
just,200708-Q1,126,126,0
just,200708-Q2,120,120,0
just,200708-Q3,153,153,0
just,200708-Q4,228,228,0
just,200809-Q1,169,169,0
just,200809-Q2,150,150,0
just,200809-Q3,201,201,0
just,200809-Q4,211,211,0
just,200910-Q1,273,204,69
just,200910-Q2,152,136,16
just,200910-Q3,166,147,19
just,200910-Q4,219,193,26
just,201011-Q1,174,169,5
just,201011-Q2,125,107,18
just,201011-Q3,124,113,11
just,201011-Q4,208,178,30
just,201112-Q1,151,130,21
just,201112-Q2,115,106,9
just,201112-Q3,152,134,18
just,201112-Q4,245,211,34
just,201213-Q1,122,91,31
just,201213-Q2,78,52,26
just,201213-Q3,100,81,19
just,201213-Q4,175,147,28
just,201314-Q1,129,113,16
just,201314-Q2,116,99,17
just,201314-Q3,110,92,18
just,201314-Q4,174,138,36
just,201415-Q1,91,75,16
just,201415-Q2,75,59,16
just,201415-Q3,108,75,33
just,201415-Q4,142,105,37
just,201516-Q1,131,111,20
just,201516-Q2,101,80,21
just,201516-Q3,110,84,26
just,201516-Q4,204,168,36
just,201617-Q1,131,116,15
just,201617-Q2,81,67,14
just,201617-Q3,93,77,16
just,201617-Q4,133,119,14
just,201718-Q1,110,107,3
just,201718-Q2,86,81,5
just,201718-Q3,78,74,4
just,201718-Q4,107,106,1
just,201819-Q1,129,123,6
just,201819-Q2,77,71,6
just,201819-Q3,132,128,4
lac,201213-Q4,77,77,0
lac,201314-Q1,49,45,4
lac,201314-Q2,56,47,9
lac,201314-Q3,75,67,8
lac,201314-Q4,103,87,16
lac,201415-Q1,60,52,8
lac,201415-Q2,50,37,13
lac,201415-Q3,50,40,10
lac,201415-Q4,75,62,13
lac,201516-Q1,51,42,9
lac,201516-Q2,39,29,10
lac,201516-Q3,38,32,6
lac,201516-Q4,65,49,16
lac,201617-Q1,42,36,6
lac,201617-Q2,36,33,3
lac,201617-Q3,36,27,9
lac,201617-Q4,67,44,23
lac,201718-Q1,34,29,5
lac,201718-Q2,46,38,8
lac,201718-Q3,46,35,11
lac,201718-Q4,70,45,25
lac,201819-Q1,44,40,4
lac,201819-Q2,39,33,6
lac,201819-Q3,53,47,6
mgerc,201516-Q2,2,2,0
mgerc,201617-Q1,22,22,0
mgerc,201617-Q2,3,3,0
mgerc,201617-Q3,17,17,0
mgerc,201617-Q4,8,7,1
mgerc,201718-Q1,1,1,0
mgerc,201718-Q2,2,2,0
mgerc,201718-Q3,6,5,1
mgerc,201718-Q4,8,8,0
mgerc,201819-Q2,3,2,1
mgerc,201819-Q3,9,8,1
mpcc,201617-Q1,8,7,1
mpcc,201617-Q2,5,5,0
mpcc,201617-Q3,5,3,2
mpcc,201617-Q4,3,3,0
mpcc,201718-Q1,6,6,0
mpcc,201718-Q2,4,4,0
mpcc,201718-Q3,5,4,1
mpcc,201718-Q4,10,8,2
mpcc,201819-Q1,4,3,1
mpcc,201819-Q2,3,3,0
mpcc,201819-Q3,13,13,0
neb,201516-Q4,76,69,7
neb,201617-Q1,45,42,3
neb,201617-Q2,51,43,8
neb,201617-Q3,51,44,7
neb,201617-Q4,82,78,4
neb,201718-Q1,82,66,16
neb,201718-Q2,33,28,5
neb,201718-Q3,31,23,8
neb,201718-Q4,70,58,12
neb,201819-Q1,60,51,9
neb,201819-Q2,38,30,8
neb,201819-Q3,35,25,10
neb,201819-Q4,1,1,0
neb,201920-Q3,2,2,0
nfb,201617-Q4,46,46,0
nfb,201718-Q1,40,39,1
nfb,201718-Q2,37,37,0
nfb,201718-Q3,47,46,1
nfb,201718-Q4,92,92,0
nfb,201819-Q1,30,30,0
nfb,201819-Q2,35,32,3
nfb,201819-Q3,55,51,4
nrc,200910-Q1,581,573,8
nrc,200910-Q2,540,513,27
nrc,200910-Q3,695,645,50
nrc,200910-Q4,1012,946,66
nrc,201011-Q1,446,403,43
nrc,201011-Q2,466,428,38
nrc,201011-Q3,621,567,54
nrc,201011-Q4,1190,1129,61
nrc,201112-Q1,427,366,61
nrc,201112-Q2,404,359,45
nrc,201112-Q3,568,513,55
nrc,201112-Q4,1036,985,51
nrc,201213-Q1,275,243,32
nrc,201213-Q2,288,258,30
nrc,201213-Q3,612,558,54
nrc,201213-Q4,867,800,67
nrc,201314-Q1,418,364,54
nrc,201314-Q2,454,406,48
nrc,201314-Q3,610,556,54
nrc,201314-Q4,893,815,78
nrc,201415-Q1,427,383,44
nrc,201415-Q2,355,310,45
nrc,201415-Q3,581,537,44
nrc,201415-Q4,898,816,82
nrc,201516-Q1,568,486,82
nrc,201516-Q2,536,481,55
nrc,201516-Q3,720,625,95
nrc,201516-Q4,857,788,69
nrc,201617-Q1,614,533,81
nrc,201617-Q2,591,516,75
nrc,201617-Q3,707,612,95
nrc,201617-Q4,962,804,158
nrc,201718-Q1,699,575,124
nrc,201718-Q2,622,538,84
nrc,201718-Q3,703,612,91
nrc,201718-Q4,1018,854,164
nrc,201819-Q1,622,520,102
nrc,201819-Q2,532,462,70
nrc,201819-Q3,669,567,102
nrcan,201112-Q1,402,375,27
nrcan,201112-Q2,422,386,36
nrcan,201112-Q3,490,459,31
nrcan,201112-Q4,815,712,103
nrcan,201213-Q1,332,257,75
nrcan,201213-Q2,397,283,114
nrcan,201213-Q3,664,459,205
nrcan,201213-Q4,874,571,303
nrcan,201314-Q1,415,269,146
nrcan,201314-Q2,417,260,157
nrcan,201314-Q3,459,294,165
nrcan,201314-Q4,955,603,352
nrcan,201415-Q1,480,284,196
nrcan,201415-Q2,409,361,48
nrcan,201415-Q3,484,445,39
nrcan,201415-Q4,864,805,59
nrcan,201516-Q1,371,321,50
nrcan,201516-Q2,425,379,46
nrcan,201516-Q3,494,439,55
nrcan,201516-Q4,722,662,60
nrcan,201617-Q1,351,308,43
nrcan,201617-Q2,364,330,34
nrcan,201617-Q3,490,445,45
nrcan,201617-Q4,884,790,94
nrcan,201718-Q1,404,336,68
nrcan,201718-Q2,446,392,54
nrcan,201718-Q3,495,444,51
nrcan,201718-Q4,886,804,82
nrcan,201819-Q1,390,333,57
nrcan,201819-Q2,406,356,50
nrcan,201819-Q3,577,512,65
nserc,201718-Q1,43,43,0
nserc,201718-Q2,16,16,0
nserc,201718-Q3,12,12,0
nserc,201718-Q4,75,70,5
nserc,201819-Q1,26,23,3
nserc,201819-Q2,39,30,9
nserc,201819-Q3,46,43,3
oag,201617-Q4,126,115,11
oag,201718-Q1,52,46,6
oag,201718-Q2,23,21,2
oag,201718-Q3,36,31,5
oag,201718-Q4,88,84,4
oag,201819-Q1,35,33,2
oag,201819-Q2,36,26,10
oag,201819-Q3,55,47,8
oci,201617-Q4,3,2,1
oci,201718-Q1,1,1,0
oci,201718-Q2,2,2,0
oci,201718-Q4,2,0,2
oci,201819-Q1,2,2,0
oci,201819-Q2,1,1,0
ocl,201718-Q4,17,17,0
ocl,201819-Q1,5,5,0
ocol,201617-Q4,22,22,0
ocol,201718-Q1,12,12,0
ocol,201718-Q2,13,13,0
ocol,201718-Q3,23,21,2
ocol,201718-Q4,37,36,1
ocol,201819-Q1,12,11,1
ocol,201819-Q2,8,6,2
ocol,201819-Q3,11,10,1
oic,201718-Q4,32,32,0
oic,201819-Q1,13,13,0
oic,201819-Q2,9,9,0
oic,201819-Q3,18,16,2
opc,201819-Q1,25,25,0
opc,201819-Q2,15,15,0
opc,201819-Q3,27,23,4
osfi,201617-Q1,67,67,0
osfi,201617-Q2,54,45,9
osfi,201617-Q3,60,47,13
osfi,201617-Q4,98,73,25
osfi,201718-Q1,66,51,15
osfi,201718-Q2,66,51,15
osfi,201718-Q3,62,51,11
osfi,201718-Q4,117,82,35
osfi,201819-Q1,76,61,15
osfi,201819-Q2,62,42,20
osfi,201819-Q3,74,53,21
osgg,201617-Q4,29,29,0
osgg,201718-Q1,17,13,4
osgg,201718-Q2,11,6,5
osgg,201718-Q3,14,10,4
osgg,201718-Q4,15,13,2
osgg,201819-Q1,21,16,5
osgg,201819-Q2,12,12,0
osgg,201819-Q3,20,17,3
oto,200809-Q1,2,2,0
oto,200809-Q2,3,3,0
oto,200809-Q4,1,1,0
oto,200910-Q1,1,1,0
oto,200910-Q2,1,1,0
oto,200910-Q3,1,1,0
oto,200910-Q4,1,1,0
oto,201112-Q2,1,1,0
oto,201314-Q2,3,2,1
oto,201314-Q4,1,1,0
oto,201415-Q1,1,1,0
oto,201415-Q3,1,1,0
oto,201617-Q2,1,1,0
pbc,200910-Q1,2,2,0
pbc,200910-Q2,11,11,0
pbc,200910-Q3,14,14,0
pbc,200910-Q4,33,33,0
pbc,201011-Q1,12,12,0
pbc,201011-Q2,5,5,0
pbc,201011-Q3,11,11,0
pbc,201011-Q4,46,46,0
pbc,201112-Q1,17,17,0
pbc,201112-Q2,16,16,0
pbc,201112-Q3,14,14,0
pbc,201112-Q4,46,46,0
pbc,201213-Q1,10,10,0
pbc,201213-Q2,12,12,0
pbc,201213-Q3,23,23,0
pbc,201213-Q4,64,64,0
pbc,201314-Q1,18,18,0
pbc,201314-Q2,11,11,0
pbc,201314-Q3,16,16,0
pbc,201314-Q4,44,43,1
pbc,201415-Q1,12,12,0
pbc,201415-Q2,10,10,0
pbc,201415-Q3,9,9,0
pbc,201415-Q4,41,41,0
pbc,201516-Q1,6,6,0
pbc,201516-Q2,14,8,6
pbc,201516-Q3,10,8,2
pbc,201516-Q4,6,4,2
pbc,201617-Q2,5,5,0
pbc,201617-Q3,6,6,0
pbc,201617-Q4,1,1,0
pbc,201718-Q1,12,11,1
pbc,201718-Q2,8,8,0
pbc,201718-Q3,8,7,1
pbc,201718-Q4,22,21,1
pbc,201819-Q2,6,6,0
pbc,201819-Q3,12,12,0
pc,200405-Q1,404,401,3
pc,200405-Q2,319,319,0
pc,200405-Q3,322,320,2
pc,200405-Q4,496,495,1
pc,200506-Q1,461,461,0
pc,200506-Q2,312,312,0
pc,200506-Q3,323,323,0
pc,200506-Q4,369,369,0
pc,200607-Q1,441,441,0
pc,200607-Q2,424,424,0
pc,200607-Q3,371,371,0
pc,200607-Q4,629,629,0
pc,200708-Q1,257,257,0
pc,200708-Q2,472,471,1
pc,200708-Q3,362,362,0
pc,200708-Q4,554,554,0
pc,200809-Q1,528,528,0
pc,200809-Q2,444,444,0
pc,200809-Q3,406,406,0
pc,200809-Q4,585,565,20
pc,200910-Q1,552,545,7
pc,200910-Q2,537,527,10
pc,200910-Q3,477,461,16
pc,200910-Q4,735,702,33
pc,201011-Q1,546,523,23
pc,201011-Q2,514,492,22
pc,201011-Q3,520,498,22
pc,201011-Q4,768,735,33
pc,201112-Q1,532,512,20
pc,201112-Q2,424,401,23
pc,201112-Q3,454,413,41
pc,201112-Q4,567,535,32
pc,201213-Q1,435,415,20
pc,201213-Q2,374,358,16
pc,201213-Q3,372,346,26
pc,201213-Q4,523,471,52
pc,201314-Q1,477,419,58
pc,201314-Q2,532,483,49
pc,201314-Q3,633,585,48
pc,201314-Q4,830,741,89
pc,201415-Q1,585,526,59
pc,201415-Q2,653,599,54
pc,201415-Q3,669,606,63
pc,201415-Q4,813,738,75
pc,201516-Q1,785,736,49
pc,201516-Q2,889,815,74
pc,201516-Q3,876,756,120
pc,201516-Q4,1053,854,199
pc,201617-Q1,874,753,121
pc,201617-Q2,776,647,129
pc,201617-Q3,840,695,145
pc,201617-Q4,1086,870,216
pc,201718-Q1,1016,840,176
pc,201718-Q2,1009,836,173
pc,201718-Q3,778,572,206
pc,201718-Q4,880,677,203
pc,201819-Q1,1094,853,241
pc,201819-Q2,880,668,212
pc,201819-Q3,718,488,230
pch,200405-Q1,197,197,0
pch,200405-Q2,187,187,0
pch,200405-Q3,188,188,0
pch,200405-Q4,471,471,0
pch,200506-Q1,226,226,0
pch,200506-Q2,206,206,0
pch,200506-Q3,176,176,0
pch,200506-Q4,325,325,0
pch,200607-Q1,219,219,0
pch,200607-Q2,152,152,0
pch,200607-Q3,162,162,0
pch,200607-Q4,378,378,0
pch,200708-Q1,197,197,0
pch,200708-Q2,156,156,0
pch,200708-Q3,172,172,0
pch,200708-Q4,343,343,0
pch,200809-Q1,195,195,0
pch,200809-Q2,162,162,0
pch,200809-Q3,112,112,0
pch,200809-Q4,198,198,0
pch,200910-Q1,169,132,37
pch,200910-Q2,111,92,19
pch,200910-Q3,118,112,6
pch,200910-Q4,239,204,35
pch,201011-Q1,89,76,13
pch,201011-Q2,98,71,27
pch,201011-Q3,101,83,18
pch,201011-Q4,160,121,39
pch,201112-Q1,71,58,13
pch,201112-Q2,74,64,10
pch,201112-Q3,69,55,14
pch,201112-Q4,105,84,21
pch,201213-Q1,77,66,11
pch,201213-Q2,44,37,7
pch,201213-Q3,27,23,4
pch,201213-Q4,40,28,12
pch,201314-Q1,44,41,3
pch,201314-Q2,47,38,9
pch,201314-Q3,54,50,4
pch,201314-Q4,90,76,14
pch,201415-Q1,91,84,7
pch,201415-Q2,48,42,6
pch,201415-Q3,99,87,12
pch,201415-Q4,160,135,25
pch,201516-Q1,105,93,12
pch,201516-Q2,76,66,10
pch,201516-Q3,103,93,10
pch,201516-Q4,99,70,29
pch,201617-Q1,112,97,15
pch,201617-Q2,67,52,15
pch,201617-Q3,140,126,14
pch,201617-Q4,210,176,34
pch,201718-Q1,151,134,17
pch,201718-Q2,78,61,17
pch,201718-Q3,137,125,12
pch,201718-Q4,212,174,38
pch,201819-Q2,83,66,17
pch,201819-Q3,99,82,17
pco,200405-Q1,109,101,8
pco,200405-Q2,105,84,21
pco,200405-Q3,87,81,6
pco,200405-Q4,173,163,10
pco,200506-Q1,117,107,10
pco,200506-Q2,112,101,11
pco,200506-Q3,115,105,10
pco,200506-Q4,172,167,5
pco,200607-Q1,91,83,8
pco,200607-Q2,57,56,1
pco,200607-Q3,80,77,3
pco,200607-Q4,123,120,3
pco,200708-Q1,61,60,1
pco,200708-Q2,42,39,3
pco,200708-Q3,64,64,0
pco,200708-Q4,126,124,2
pco,200809-Q1,74,71,3
pco,200809-Q2,62,62,0
pco,200809-Q3,67,63,4
pco,200809-Q4,110,96,14
pco,200910-Q1,95,86,9
pco,200910-Q2,69,55,14
pco,200910-Q3,71,63,8
pco,200910-Q4,117,108,9
pco,201011-Q1,70,61,9
pco,201011-Q2,48,44,4
pco,201011-Q3,73,65,8
pco,201011-Q4,141,124,17
pco,201112-Q1,58,50,8
pco,201112-Q2,45,37,8
pco,201112-Q3,45,36,9
pco,201112-Q4,137,123,14
pco,201213-Q1,39,32,7
pco,201213-Q2,21,18,3
pco,201213-Q3,41,34,7
pco,201213-Q4,84,72,12
pco,201314-Q1,43,35,8
pco,201314-Q2,51,45,6
pco,201314-Q3,57,50,7
pco,201314-Q4,86,70,16
pco,201415-Q1,44,27,17
pco,201415-Q2,35,32,3
pco,201415-Q3,35,24,11
pco,201415-Q4,58,47,11
pco,201516-Q1,46,36,10
pco,201516-Q2,36,33,3
pco,201516-Q3,44,38,6
pco,201516-Q4,53,51,2
pco,201617-Q1,50,46,4
pco,201617-Q2,58,58,0
pco,201617-Q3,60,53,7
pco,201617-Q4,109,99,10
pco,201718-Q1,84,81,3
pco,201718-Q2,88,68,20
pco,201718-Q3,84,76,8
pco,201718-Q4,119,107,12
pco,201819-Q1,104,87,17
pco,201819-Q2,64,54,10
pco,201819-Q3,96,87,9
phac,200405-Q1,975,660,315
phac,200405-Q2,742,333,409
phac,200405-Q3,929,423,506
phac,200405-Q4,856,545,311
phac,200506-Q1,738,418,320
phac,200506-Q2,732,320,412
phac,200506-Q3,845,313,532
phac,200506-Q4,806,514,292
phac,200607-Q1,669,310,359
phac,200607-Q2,634,233,401
phac,200607-Q3,710,255,455
phac,200607-Q4,838,462,376
phac,200708-Q1,813,316,497
phac,200708-Q2,724,208,516
phac,200708-Q3,854,237,617
phac,200708-Q4,880,481,399
phac,200809-Q1,793,336,457
phac,200809-Q2,655,231,424
phac,200809-Q3,668,197,471
phac,200809-Q4,863,512,351
phac,200910-Q1,646,332,314
phac,200910-Q2,581,200,381
phac,200910-Q3,646,187,459
phac,200910-Q4,775,461,314
phac,201011-Q1,680,308,372
phac,201011-Q2,531,144,387
phac,201011-Q3,707,612,95
phac,201011-Q4,974,905,69
phac,201112-Q1,840,679,161
phac,201112-Q2,703,543,160
phac,201112-Q3,723,613,110
phac,201112-Q4,975,889,86
phac,201213-Q1,785,572,213
phac,201213-Q2,608,405,203
phac,201213-Q3,780,570,210
phac,201213-Q4,783,573,210
phac,201314-Q1,187,88,99
phac,201314-Q2,941,753,188
phac,201314-Q3,723,478,245
phac,201314-Q4,855,642,213
phac,201415-Q1,765,564,201
phac,201415-Q2,473,367,106
phac,201415-Q3,573,431,142
phac,201415-Q4,760,618,142
phac,201516-Q1,548,419,129
phac,201516-Q2,456,355,101
phac,201516-Q3,522,401,121
phac,201516-Q4,684,503,181
phac,201617-Q1,505,406,99
phac,201617-Q2,424,318,106
phac,201617-Q3,624,510,114
phac,201617-Q4,303,293,10
phac,201718-Q1,157,146,11
phac,201718-Q2,123,106,17
phac,201718-Q3,236,198,38
phac,201718-Q4,303,265,38
phac,201819-Q1,217,172,45
phac,201819-Q2,183,143,40
phac,201819-Q3,197,160,37
pmprb,201617-Q3,2,1,1
pmprb,201617-Q4,13,13,0
pmprb,201718-Q1,8,8,0
pmprb,201718-Q2,3,3,0
pmprb,201718-Q3,5,4,1
pmprb,201718-Q4,8,7,1
pmprb,201819-Q1,12,12,0
pmprb,201819-Q2,2,1,1
pmprb,201819-Q3,5,4,1
ppsc,200607-Q4,3,3,0
ppsc,200708-Q1,6,6,0
ppsc,200708-Q2,9,9,0
ppsc,200708-Q3,5,5,0
ppsc,200708-Q4,14,14,0
ppsc,200809-Q1,36,36,0
ppsc,200809-Q2,24,24,0
ppsc,200809-Q3,34,34,0
ppsc,200809-Q4,32,32,0
ppsc,200910-Q1,45,44,1
ppsc,200910-Q2,32,32,0
ppsc,200910-Q3,21,21,0
ppsc,200910-Q4,43,43,0
ppsc,201011-Q1,33,25,8
ppsc,201011-Q2,21,18,3
ppsc,201011-Q3,17,14,3
ppsc,201011-Q4,43,39,4
ppsc,201112-Q1,34,33,1
ppsc,201112-Q2,20,20,0
ppsc,201112-Q3,20,19,1
ppsc,201112-Q4,42,40,2
ppsc,201213-Q1,43,42,1
ppsc,201213-Q2,22,21,1
ppsc,201213-Q3,23,20,3
ppsc,201213-Q4,36,32,4
ppsc,201314-Q1,57,54,3
ppsc,201314-Q2,76,71,5
ppsc,201314-Q3,23,18,5
ppsc,201314-Q4,258,203,55
ppsc,201415-Q1,37,34,3
ppsc,201415-Q2,24,17,7
ppsc,201415-Q3,35,28,7
ppsc,201415-Q4,239,87,152
ppsc,201516-Q1,33,25,8
ppsc,201516-Q2,40,29,11
ppsc,201516-Q3,28,21,7
ppsc,201516-Q4,79,30,49
ppsc,201617-Q1,40,32,8
ppsc,201617-Q2,13,13,0
ppsc,201617-Q3,1,1,0
ppsc,201617-Q4,28,23,5
ppsc,201718-Q1,36,30,6
ppsc,201718-Q2,24,22,2
ppsc,201718-Q3,17,15,2
ppsc,201718-Q4,36,34,2
ppsc,201819-Q1,40,35,5
ppsc,201819-Q2,18,15,3
ppsc,201819-Q3,25,23,2
pptc,201011-Q1,93,93,0
pptc,201011-Q2,54,50,4
pptc,201011-Q3,59,44,15
pptc,201011-Q4,76,65,11
pptc,201112-Q1,98,91,7
pptc,201112-Q2,53,47,6
pptc,201112-Q3,53,45,8
pptc,201112-Q4,140,121,19
pptc,201213-Q1,60,53,7
pptc,201213-Q2,1,1,0
pptc,201213-Q3,61,53,8
pptc,201213-Q4,63,58,5
pptc,201314-Q1,95,79,16
pptc,201314-Q2,37,28,9
pptc,201314-Q3,90,64,26
pptc,201415-Q1,24,19,5
pptc,201415-Q2,16,15,1
pptc,201415-Q3,26,23,3
pptc,201415-Q4,10,7,3
ps,200405-Q1,81,81,0
ps,200405-Q2,70,70,0
ps,200405-Q3,61,61,0
ps,200405-Q4,217,217,0
ps,200506-Q1,51,51,0
ps,200506-Q2,70,70,0
ps,200506-Q3,79,79,0
ps,200506-Q4,117,117,0
ps,200607-Q1,80,80,0
ps,200607-Q2,68,68,0
ps,200607-Q3,77,77,0
ps,200607-Q4,171,171,0
ps,200708-Q1,63,63,0
ps,200708-Q2,74,74,0
ps,200708-Q3,89,89,0
ps,200708-Q4,164,164,0
ps,200809-Q1,86,86,0
ps,200809-Q2,67,67,0
ps,200809-Q3,67,67,0
ps,200809-Q4,118,118,0
ps,200910-Q1,66,66,0
ps,200910-Q2,72,71,1
ps,200910-Q3,83,82,1
ps,200910-Q4,183,183,0
ps,201011-Q1,52,52,0
ps,201011-Q2,61,61,0
ps,201011-Q3,84,84,0
ps,201011-Q4,184,184,0
ps,201112-Q1,50,50,0
ps,201112-Q2,48,48,0
ps,201112-Q3,97,97,0
ps,201112-Q4,190,190,0
ps,201213-Q1,32,32,0
ps,201213-Q2,61,61,0
ps,201213-Q3,86,86,0
ps,201213-Q4,134,134,0
ps,201314-Q1,32,31,1
ps,201314-Q2,49,49,0
ps,201314-Q3,75,75,0
ps,201314-Q4,117,116,1
ps,201415-Q1,29,28,1
ps,201415-Q2,52,52,0
ps,201415-Q3,70,70,0
ps,201415-Q4,128,124,4
ps,201516-Q1,34,30,4
ps,201516-Q2,39,36,3
ps,201516-Q3,73,70,3
ps,201516-Q4,146,143,3
ps,201617-Q1,49,38,11
ps,201617-Q2,73,55,18
ps,201617-Q3,82,67,15
ps,201617-Q4,134,106,28
ps,201718-Q1,52,47,5
ps,201718-Q2,43,27,16
ps,201718-Q3,74,60,14
ps,201718-Q4,98,80,18
ps,201819-Q1,50,41,9
ps,201819-Q2,56,50,6
ps,201819-Q3,81,67,14
psc,200405-Q1,51,51,0
psc,200405-Q2,20,20,0
psc,200405-Q3,28,28,0
psc,200405-Q4,62,61,1
psc,200506-Q1,33,33,0
psc,200506-Q2,35,35,0
psc,200506-Q3,81,80,1
psc,200506-Q4,87,84,3
psc,200607-Q1,41,41,0
psc,200607-Q2,46,45,1
psc,200607-Q3,59,57,2
psc,200607-Q4,118,118,0
psc,200708-Q1,43,43,0
psc,200708-Q2,72,63,9
psc,200708-Q3,90,83,7
psc,200708-Q4,124,112,12
psc,200809-Q1,44,42,2
psc,200809-Q2,43,35,8
psc,200809-Q3,57,43,14
psc,200809-Q4,116,108,8
psc,200910-Q1,30,24,6
psc,200910-Q2,34,28,6
psc,200910-Q3,58,53,5
psc,200910-Q4,72,61,11
psc,201011-Q1,18,17,1
psc,201011-Q2,16,16,0
psc,201011-Q3,53,43,10
psc,201011-Q4,71,70,1
psc,201112-Q1,24,19,5
psc,201112-Q2,28,26,2
psc,201112-Q3,47,42,5
psc,201112-Q4,54,50,4
psc,201213-Q1,16,12,4
psc,201213-Q2,23,16,7
psc,201213-Q3,16,16,0
psc,201213-Q4,47,34,13
psc,201314-Q1,18,13,5
psc,201314-Q2,1,1,0
psc,201314-Q4,9,8,1
psc,201415-Q3,2,2,0
psc,201415-Q4,28,18,10
psc,201516-Q1,12,12,0
psc,201516-Q2,15,15,0
psc,201516-Q3,20,19,1
psc,201516-Q4,27,18,9
psc,201617-Q3,36,33,3
psc,201617-Q4,30,24,6
psc,201718-Q1,20,16,4
psc,201718-Q2,8,8,0
psc,201718-Q3,20,17,3
psc,201718-Q4,21,20,1
psc,201819-Q1,23,22,1
psc,201819-Q2,12,11,1
psc,201819-Q3,25,20,5
psic,201617-Q1,2,2,0
psic,201617-Q2,1,1,0
psic,201617-Q3,4,4,0
psic,201617-Q4,7,7,0
psic,201718-Q1,4,4,0
psic,201718-Q2,3,3,0
psic,201718-Q3,4,4,0
psic,201718-Q4,8,7,1
psic,201819-Q1,3,1,2
psic,201819-Q2,2,1,1
psic,201819-Q3,4,3,1
pspc,200405-Q1,1532,1503,29
pspc,200405-Q2,1645,1581,64
pspc,200405-Q3,1530,1475,55
pspc,200405-Q4,2366,2334,32
pspc,200506-Q1,1352,1279,73
pspc,200506-Q2,1618,1521,97
pspc,200506-Q3,1861,1751,110
pspc,200506-Q4,1980,1944,36
pspc,200607-Q1,1274,1211,63
pspc,200607-Q2,1347,1284,63
pspc,200607-Q3,1621,1485,136
pspc,200607-Q4,2093,2049,44
pspc,200708-Q1,1989,1881,108
pspc,200708-Q2,1617,1544,73
pspc,200708-Q3,1481,1396,85
pspc,200708-Q4,2090,2039,51
pspc,200809-Q1,2221,2117,104
pspc,200809-Q2,2333,2208,125
pspc,200809-Q3,2140,2021,119
pspc,200809-Q4,3492,3425,67
pspc,200910-Q1,2253,2085,168
pspc,200910-Q2,2282,2020,262
pspc,200910-Q3,2177,1852,325
pspc,200910-Q4,3022,2677,345
pspc,201011-Q1,2067,1813,254
pspc,201011-Q2,2349,2053,296
pspc,201011-Q3,2561,2103,458
pspc,201011-Q4,3410,2803,607
pspc,201112-Q1,1909,1488,421
pspc,201112-Q2,1988,1642,346
pspc,201112-Q3,2209,1721,488
pspc,201112-Q4,3015,2398,617
pspc,201213-Q1,1714,1338,376
pspc,201213-Q2,1744,1302,442
pspc,201213-Q3,2152,1502,650
pspc,201213-Q4,2701,1776,925
pspc,201314-Q1,1963,1202,761
pspc,201314-Q2,1672,1184,488
pspc,201314-Q3,1964,1334,630
pspc,201314-Q4,2270,1511,759
pspc,201415-Q1,1579,1075,504
pspc,201415-Q2,1775,1193,582
pspc,201415-Q3,1842,1261,581
pspc,201415-Q4,2210,1469,741
pspc,201516-Q1,1673,1148,525
pspc,201516-Q2,1584,1036,548
pspc,201516-Q3,1914,1257,657
pspc,201516-Q4,2004,1249,755
pspc,201617-Q1,1811,1214,597
pspc,201617-Q2,1979,1330,649
pspc,201617-Q3,2253,1421,832
pspc,201617-Q4,1986,1373,613
pspc,201718-Q1,1606,1235,371
pspc,201718-Q2,1799,1354,445
pspc,201718-Q3,2065,1432,633
pspc,201718-Q4,2446,1649,797
pspc,201819-Q1,1896,1408,488
pspc,201819-Q2,1821,1323,498
pspc,201819-Q3,1982,1350,632
rcmp,200405-Q1,673,668,5
rcmp,200405-Q2,666,658,8
rcmp,200405-Q3,725,713,12
rcmp,200405-Q4,1432,1416,16
rcmp,200506-Q1,879,863,16
rcmp,200506-Q2,709,694,15
rcmp,200506-Q3,870,859,11
rcmp,200506-Q4,1262,1250,12
rcmp,200607-Q1,729,704,25
rcmp,200607-Q2,753,744,9
rcmp,200607-Q3,904,887,17
rcmp,200607-Q4,1577,1553,24
rcmp,200708-Q1,808,789,19
rcmp,200708-Q2,786,768,18
rcmp,200708-Q3,865,834,31
rcmp,200708-Q4,1487,1471,16
rcmp,200809-Q1,930,918,12
rcmp,200809-Q2,835,809,26
rcmp,200809-Q3,988,967,21
rcmp,200809-Q4,1723,1553,170
rcmp,200910-Q1,878,852,26
rcmp,200910-Q2,743,717,26
rcmp,200910-Q3,735,717,18
rcmp,200910-Q4,1066,1050,16
rcmp,201011-Q1,830,762,68
rcmp,201011-Q2,651,537,114
rcmp,201011-Q3,722,645,77
rcmp,201011-Q4,1352,1231,121
rcmp,201112-Q1,657,600,57
rcmp,201112-Q2,624,563,61
rcmp,201112-Q3,808,720,88
rcmp,201112-Q4,1317,1161,156
rcmp,201213-Q1,663,606,57
rcmp,201213-Q2,541,486,55
rcmp,201213-Q3,731,616,115
rcmp,201213-Q4,1211,981,230
rcmp,201314-Q1,624,520,104
rcmp,201314-Q2,708,581,127
rcmp,201314-Q3,866,734,132
rcmp,201314-Q4,1188,982,206
rcmp,201415-Q1,715,581,134
rcmp,201415-Q2,814,642,172
rcmp,201415-Q3,818,687,131
rcmp,201415-Q4,1030,855,175
rcmp,201516-Q1,879,735,144
rcmp,201516-Q2,649,555,94
rcmp,201516-Q3,864,765,99
rcmp,201516-Q4,1225,960,265
rcmp,201617-Q1,871,708,163
rcmp,201617-Q2,839,663,176
rcmp,201617-Q3,885,739,146
rcmp,201617-Q4,1323,981,342
rcmp,201718-Q1,874,662,212
rcmp,201718-Q2,850,685,165
rcmp,201718-Q3,980,792,188
rcmp,201718-Q4,1399,1125,274
rcmp,201819-Q1,946,788,158
rcmp,201819-Q2,847,663,184
rcmp,201819-Q3,844,686,158
sirc,201516-Q3,1,1,0
sirc,201516-Q4,1,1,0
sirc,201617-Q1,2,2,0
sirc,201617-Q2,3,3,0
sirc,201617-Q3,2,2,0
sirc,201617-Q4,3,3,0
sirc,201718-Q1,6,6,0
sirc,201718-Q2,5,5,0
sirc,201718-Q3,3,3,0
sirc,201718-Q4,7,7,0
sirc,201819-Q1,4,4,0
sirc,201819-Q2,6,6,0
ssc,201112-Q4,10,10,0
ssc,201213-Q1,370,207,163
ssc,201213-Q2,363,322,41
ssc,201213-Q3,712,367,345
ssc,201213-Q4,1885,965,920
ssc,201314-Q1,466,381,85
ssc,201314-Q2,510,402,108
ssc,201314-Q3,556,451,105
ssc,201314-Q4,1481,1239,242
ssc,201415-Q1,373,205,168
ssc,201415-Q2,272,220,52
ssc,201415-Q3,380,296,84
ssc,201415-Q4,828,674,154
ssc,201516-Q1,342,243,99
ssc,201516-Q2,424,302,122
ssc,201617-Q1,408,315,93
ssc,201617-Q2,313,193,120
ssc,201617-Q3,430,315,115
ssc,201617-Q4,1107,938,169
ssc,201718-Q1,492,335,157
ssc,201718-Q2,522,405,117
ssc,201718-Q3,612,438,174
ssc,201718-Q4,1266,955,311
ssc,201819-Q1,408,271,137
ssc,201819-Q2,416,308,108
ssc,201819-Q3,469,335,134
sshrc,201718-Q1,8,8,0
sshrc,201718-Q2,8,7,1
sshrc,201718-Q3,13,12,1
sshrc,201718-Q4,8,7,1
sshrc,201819-Q1,2,1,1
sshrc,201819-Q2,11,9,2
sshrc,201819-Q3,17,14,3
stats,200405-Q1,106,106,0
stats,200405-Q2,82,82,0
stats,200405-Q3,74,74,0
stats,200405-Q4,321,321,0
stats,200506-Q1,90,90,0
stats,200506-Q2,121,121,0
stats,200506-Q3,164,164,0
stats,200506-Q4,508,508,0
stats,200607-Q1,132,132,0
stats,200607-Q2,96,96,0
stats,200607-Q3,93,93,0
stats,200607-Q4,326,326,0
stats,200708-Q1,79,79,0
stats,200708-Q2,72,72,0
stats,200708-Q3,106,106,0
stats,200708-Q4,227,227,0
stats,200809-Q1,90,90,0
stats,200809-Q2,73,73,0
stats,200809-Q3,88,87,1
stats,200809-Q4,189,189,0
stats,200910-Q1,62,62,0
stats,200910-Q2,145,145,0
stats,200910-Q3,103,103,0
stats,200910-Q4,313,310,3
stats,201011-Q1,84,82,2
stats,201011-Q2,123,122,1
stats,201011-Q3,155,155,0
stats,201011-Q4,273,273,0
stats,201112-Q1,98,95,3
stats,201112-Q2,89,88,1
stats,201112-Q3,94,91,3
stats,201112-Q4,192,189,3
stats,201213-Q1,39,39,0
stats,201213-Q2,56,56,0
stats,201213-Q3,57,45,12
stats,201213-Q4,101,101,0
stats,201314-Q1,75,75,0
stats,201314-Q2,66,66,0
stats,201314-Q3,106,106,0
stats,201314-Q4,159,152,7
stats,201415-Q1,67,66,1
stats,201415-Q2,57,57,0
stats,201415-Q3,61,58,3
stats,201415-Q4,103,103,0
stats,201516-Q1,68,68,0
stats,201516-Q2,81,81,0
stats,201516-Q3,104,104,0
stats,201516-Q4,143,142,1
stats,201617-Q1,72,72,0
stats,201617-Q2,58,58,0
stats,201617-Q3,64,64,0
stats,201617-Q4,79,79,0
stats,201718-Q1,49,49,0
stats,201718-Q2,34,34,0
stats,201718-Q3,51,50,1
stats,201718-Q4,115,112,3
stats,201819-Q1,53,52,1
stats,201819-Q2,38,38,0
stats,201819-Q3,39,39,0
swc,201617-Q4,15,15,0
swc,201718-Q1,17,17,0
swc,201718-Q2,25,23,2
swc,201718-Q3,11,11,0
swc,201718-Q4,30,29,1
swc,201819-Q1,17,16,1
tbs,200405-Q1,111,111,0
tbs,200405-Q3,65,65,0
tbs,200405-Q4,107,107,0
tbs,200506-Q1,51,51,0
tbs,200506-Q2,70,70,0
tbs,200506-Q3,88,88,0
tbs,200506-Q4,102,102,0
tbs,200607-Q1,99,99,0
tbs,200607-Q2,83,83,0
tbs,200607-Q3,93,93,0
tbs,200607-Q4,124,124,0
tbs,200708-Q1,105,105,0
tbs,200708-Q2,75,75,0
tbs,200708-Q3,106,106,0
tbs,200708-Q4,121,121,0
tbs,200809-Q1,85,85,0
tbs,200809-Q2,85,85,0
tbs,200809-Q3,88,88,0
tbs,200809-Q4,98,98,0
tbs,200910-Q1,166,148,18
tbs,200910-Q2,119,95,24
tbs,200910-Q3,116,102,14
tbs,200910-Q4,141,137,4
tbs,201011-Q1,124,102,22
tbs,201011-Q2,126,106,20
tbs,201011-Q3,93,52,41
tbs,201011-Q4,132,93,39
tbs,201112-Q1,110,98,12
tbs,201112-Q2,74,66,8
tbs,201112-Q3,80,58,22
tbs,201112-Q4,157,121,36
tbs,201213-Q1,52,41,11
tbs,201213-Q2,29,27,2
tbs,201213-Q3,53,37,16
tbs,201213-Q4,133,89,44
tbs,201314-Q1,40,30,10
tbs,201314-Q2,44,34,10
tbs,201314-Q3,70,55,15
tbs,201314-Q4,75,62,13
tbs,201415-Q1,34,29,5
tbs,201415-Q2,42,36,6
tbs,201415-Q3,43,37,6
tbs,201415-Q4,81,64,17
tbs,201516-Q1,46,39,7
tbs,201516-Q2,34,29,5
tbs,201516-Q3,42,40,2
tbs,201516-Q4,76,67,9
tbs,201617-Q1,48,35,13
tbs,201617-Q2,63,55,8
tbs,201617-Q3,53,45,8
tbs,201617-Q4,60,51,9
tbs,201718-Q1,50,36,14
tbs,201718-Q2,49,42,7
tbs,201718-Q3,48,37,11
tbs,201718-Q4,113,96,17
tbs,201718-Q6,1,0,1
tbs,201718-Q7,1,0,1
tbs,201718-Q8,1,0,1
tbs,201819-Q1,79,67,12
tbs,201819-Q2,75,63,12
tbs,201819-Q3,70,63,7
tc,201112-Q1,385,384,1
tc,201112-Q2,354,342,12
tc,201112-Q3,416,392,24
tc,201112-Q4,431,371,60
tc,201213-Q1,220,199,21
tc,201213-Q2,245,208,37
tc,201213-Q3,259,226,33
tc,201213-Q4,383,332,51
tc,201314-Q1,255,209,46
tc,201314-Q2,298,282,16
tc,201314-Q3,384,351,33
tc,201314-Q4,571,507,64
tc,201415-Q1,279,240,39
tc,201415-Q2,305,275,30
tc,201415-Q3,421,389,32
tc,201415-Q4,564,510,54
tc,201516-Q1,335,286,49
tc,201516-Q2,295,256,39
tc,201516-Q3,307,271,36
tc,201516-Q4,329,286,43
tc,201617-Q1,216,179,37
tc,201617-Q2,186,165,21
tc,201617-Q3,226,192,34
tc,201617-Q4,437,371,66
tc,201718-Q1,227,204,23
tc,201718-Q2,281,242,39
tc,201718-Q3,372,340,32
tc,201718-Q4,606,544,62
tc,201819-Q1,280,250,30
tc,201819-Q2,348,323,25
tc,201819-Q3,354,332,22
tsb,201617-Q4,3,3,0
tsb,201718-Q1,21,21,0
tsb,201718-Q2,8,8,0
tsb,201718-Q3,11,11,0
tsb,201718-Q4,22,21,1
tsb,201819-Q1,13,13,0
vac,201011-Q4,143,115,28
vac,201112-Q1,98,79,19
vac,201112-Q2,86,69,17
vac,201112-Q3,73,66,7
vac,201112-Q4,119,101,18
vac,201213-Q1,74,60,14
vac,201213-Q2,95,71,24
vac,201213-Q3,89,68,21
vac,201213-Q4,135,115,20
vac,201314-Q1,98,88,10
vac,201314-Q2,106,80,26
vac,201314-Q3,97,68,29
vac,201314-Q4,101,85,16
vac,201415-Q1,103,78,25
vac,201415-Q2,87,68,19
vac,201415-Q3,74,59,15
vac,201415-Q4,144,135,9
vac,201516-Q1,86,67,19
vac,201516-Q2,88,59,29
vac,201516-Q3,144,115,29
vac,201516-Q4,162,151,11
vac,201617-Q1,50,48,2
vac,201617-Q2,36,34,2
vac,201617-Q4,49,49,0
vac,201718-Q1,44,39,5
vac,201718-Q2,39,33,6
vac,201718-Q3,27,22,5
vac,201718-Q4,49,44,5
vac,201819-Q1,51,47,4
vac,201819-Q2,63,54,9
vac,201819-Q3,94,84,10
vrab,201112-Q1,1,1,0
vrab,201112-Q3,2,2,0
vrab,201112-Q4,6,6,0
vrab,201213-Q3,1,1,0
vrab,201213-Q4,6,5,1
vrab,201314-Q2,1,0,1
vrab,201314-Q4,2,2,0
vrab,201516-Q1,3,3,0
vrab,201516-Q3,2,2,0
vrab,201516-Q4,3,3,0
vrab,201617-Q2,1,1,0
vrab,201617-Q3,1,1,0
vrab,201819-Q1,1,1,0
wd,201819-Q1,8,8,0
wd,201819-Q2,15,14,1
