gen_vendor_normalized,total_entries,total_contracts,total_amendments
FISHER SCIENTIFIC,364,360,4
ILLUMINA,237,217,20
HONEYWELL,230,222,8
CANADIAN CORPS OF COMMISSIONAIRES,226,185,41
SHARP ELECTRONICS,212,159,53
AGILENT,206,203,3
VWR INTERNATIONAL,196,193,3
ATCO,189,90,99
STANTEC,174,150,24
NISHA TECHONOLOGIES,171,164,7
SIEMENS,170,148,22
AIR PRODUCTS CANADA,153,98,55
AIR LIQUIDE CANADA,123,84,39
EXCEL HUMAN RESOURCES,120,66,54
MTS ALLSTREAM,114,113,1
PRAXAIR PRODUCTS,114,78,36
LINDE CANADA,109,91,18
LIFE TECHNOLOGIES,105,104,1
GENERAL ELECTRIC CANADA,99,96,3
BELL CANADA,98,75,23
WATERS,95,91,4
XEROX,92,74,18
SNC LAVALIN,86,74,12
THE MATHWORKS,85,84,1
TESTFORCE SYSTEMS,83,81,2
ALTIS HUMAN RESOURCES,76,42,34
NATIONAL INSTRUMENTS CANADA,76,75,1
SHI CANADA,76,74,2
AXT,71,71,0
HITACHI DATA SYSTEMS,71,67,4
LCI ENGINEERING,69,64,5
OPSIS GESTION DINFRASTRUCTURES,66,59,7
CBCITELECOM,65,61,4
ROCHE DIAGNOSTICS,62,62,0
TUC MANAGED IT SOLUTIONS,62,61,1
MINDWIRE SYSTEMS,62,19,43
CONCEPT CONTROLS,61,55,6
BECKMAN COULTER CANADA,60,58,2
PHASELOCK SYSTEMS INTERNATIONAL,59,59,0
NEWPORT,54,54,0
AV TECH,53,43,10
AVJET HOLDING,52,50,2
MATERION,51,51,0
NORTHERN MICRO,51,48,3
HOSKIN SCIENTIFIC,51,51,0
THE AIM GROUP,50,34,16
APPLIED BIOSYSTEMS,48,45,3
PRAXAIR CANADA,48,35,13
CANON,46,43,3
BRUKER AXS,46,43,3
THERMO FISHER SCIENTIFIC,45,44,1
DELL COMPUTER,44,43,1
DALIMAR INSTRUMENTS,44,43,1
ANSYS CANADA,44,43,1
TEKSYSTEMS CANADA,43,16,27
PERKIN ELMER HEALTH SCIENCES,39,38,1
KEYSIGHT TECHNOLOGIES CANADA,39,39,0
METROPOLITAN LOOSE LEAF,38,29,9
KURT J LESKER CANADA,38,36,2
OLYMPUS CANADA,38,38,0
LAURENTIDE CONTROLS,37,37,0
GAMBLE TECHNOLOGIES,36,36,0
A TECH INSTRUMENTS,35,32,3
NITRO MICROSYSTEMS,35,34,1
MAXXAM ANALYTIQUE,34,26,8
TA INSTRUMENTS,34,31,3
KF AEROSPACE,34,28,6
ORACLE CANADA,33,33,0
MICROSOFT CANADA,32,30,2
BENCHMARK TECHNOLOGIES,32,31,1
EBSCO CANADA,32,8,24
CHEMROUTES,32,7,25
UNIVERSITY OF ALBERTA,32,28,4
GROUPE INTERSOL GROUP,32,31,1
DURHAM INSTRUMENTS,31,30,1
COHERENT LASER GROUP,31,29,2
TEKNION,31,31,0
DOMUS BUILDING CLEANING,30,21,9
AKZO NOBEL POLYMER CHEMICALS,30,30,0
MSPEC,30,29,1
EBARA TECHNOLOGIES,30,30,0
SPTS TECHNOLOGIES,30,30,0
PRICEWATERHOUSE COOPERS,29,20,9
TP CRAWFORD,29,18,11
BSD SOLUTIONS,29,28,1
OVID TECHNOLOGIES,29,29,0
BRUKER,29,28,1
GRAHAM OIL ENERGY,28,26,2
GOLDER ASSOCIATES,28,26,2
MISHKUMI TECHNOLOGIES,28,27,1
NATIONAL INSTRUMENTS,28,27,1
STERIS CANADA,27,26,1
BEDARD RESSOURCES,27,15,12
DELOITTE AND TOUCHE,27,19,8
LA CITE COLLEGIALE,27,21,6
CACHE COMPUTER CONSULTING,27,14,13
AIXTRON GENUS,27,26,1
HEWLETT PACKARD,27,26,1
SIERRA SYSTEMS GROUP,27,17,10
INFORS CANADA,26,25,1
LAPLANTE BUILDERS,26,17,9
AMCAN TECHNOLOGIES,26,25,1
PHYSICAL ELECTRONICS USA,26,26,0
WSP,26,25,1
LES TECHNOLOGIES POLYCONTROLES,26,26,0
ELSEVIER,26,26,0
BLACK MCDONALD,26,17,9
SUPERIOR PROPANE,26,19,7
MEGS SPECIALTY GASES,25,20,5
ZENTRA,25,25,0
EDWARDS VACUUM,25,25,0
LEIBE ENGINEERING ASSOCIATES,25,24,1
AIRTRON CANADA,25,23,2
RANDSTAD,25,15,10
JAVELIN TECHNOLOGIES,25,25,0
STRUERS,24,24,0
MACEWEN PETROLEUM,24,22,2
REGIONAL ELEVATOR SERVICES,24,13,11
PROTOCAN,23,23,0
BIO RAD LABORATORIES,23,23,0
BIARRITZ CONSTRUCTION,23,18,5
BD BIOSCIENCES,23,23,0
PROMAXIS,23,21,2
DYNAMIC PERSONNEL CONSULTANTS,23,18,5
SIRCO MACHINERY COMPANY,23,20,3
CREAFORM,23,23,0
COMSOL,23,23,0
GEMMA PROPERTY SERVICES,23,19,4
SENSABLE TECHNOLOGIES,22,21,1
CARLETON UNIVERSITY,22,21,1
CREE,22,22,0
SOFTCHOICE,22,22,0
CALIAN,22,9,13
MOTTLAB,22,21,1
BRUEL KJAER,22,20,2
CARMICHAEL ENGINEERING,22,19,3
FISHER SCIENTIFIC COMPANY,21,20,1
SERGE ZIMOLA CONSTRUCTION,21,11,10
SROBA RAIL SERVICES,21,20,1
MANDEL SCIENTIFIC COMPANY,21,20,1
JEOL CANADA,21,13,8
TAG HR IT,21,15,6
IRVINE SCIENTIFIC,21,20,1
SIMUTECH GROUP,21,21,0
GARTNER,21,18,3
DIRECT ENERGY,21,17,4
DEFRAN,21,13,8
BIO RAD LABORATORIES CANADA,20,20,0
QMR,20,13,7
THE BOOK HOUSE,20,19,1
PROQUEST,20,20,0
COLE PARMER CANADA,20,20,0
PITNEY BOWES,20,18,2
EAGLE COPTERS MAINTENANCE,20,16,4
ESI INTERNATIONAL,20,10,10
MOLECULAR DEVICES,20,20,0
CGG VINYL SPECIALTIES,20,14,6
SYSTEMS FOR RESEARCH,20,20,0
MAXSYS,20,13,7
CONTROLLED ENVIRONMENTS,20,18,2
APPROVISIONNEMENT POPULAIRE,20,19,1
THOMPSON BOILER WORKS,20,15,5
NOVA VISUAL PRODUCTS,20,20,0
3D SYSTEMS,19,19,0
DALCON ENTERPRISES,19,5,14
SAP,19,16,3
CS CLEAN SYSTEMS,19,19,0
PMG TECHNOLOGIES,19,16,3
TERAMACH TECHNOLOGIES,19,19,0
ATS SCIENTIFIC,19,19,0
ACT,19,19,0
CULLIGAN,19,18,1
ESBE SCIENTIFIC,19,19,0
COPPERTREE ANALYTICS,19,5,14
TURTLE ISLAND STAFFING,19,11,8
AEROTECH,19,19,0
ASML US,19,19,0
CARL ZEISS CANADA,19,18,1
KPMG,19,14,5
LES PETROLES THERRIEN,19,16,3
IMPERIAL OIL,18,12,6
CAREWORX,18,18,0
CARLETON ELECTRIC,18,13,5
SCHNEIDER ELECTRIC CANADA,18,18,0
INNOVATIVE INTERFACES CANADA,18,14,4
KEYENCE CANADA,18,18,0
SNOWHOUSE SOLUTIONS,18,18,0
MACDONALD DETTWILER AND ASSOCIATES,18,11,7
LIVERMORE SOFTWARE,18,18,0
BRUKER BIOSPIN,18,17,1
PIPPIN AUTOMATION SYSTEMS,18,17,1
UNILANGUES,18,14,4
ARBIN INSTRUMENTS,18,17,1
ADVANCED BUSINESS INTERIORS,18,18,0
METABOLON,17,17,0
L3 COMMUNICATIONS,17,17,0
DAIMLER,17,16,1
PROQUEST INFORMATION AND LEARNING,17,17,0
DATA VILLE,17,16,1
QUANTUM MANAGEMENT SERVICES,17,13,4
